0,-0.6,-0.6,0.18
0.01,-0.6,-0.6,0.179980166660867
0.02,-0.6,-0.6,0.179921332495296
0.03,-0.6,-0.6,0.179824497334988
0.04,-0.6,-0.6,0.179690659756966
0.05,-0.6,-0.6,0.179520815217452
0.06,-0.6,-0.6,0.179315956051863
0.07,-0.6,-0.6,0.179077061310353
0.08,-0.6,-0.6,0.178805116193179
0.09,-0.6,-0.6,0.178501113348191
0.1,-0.6,-0.6,0.17816603666041
0.11,-0.6,-0.6,0.177800861252024
0.12,-0.6,-0.6,0.177406553482391
0.13,-0.6,-0.6,0.176984070948038
0.14,-0.6,-0.6,0.176534362482662
0.15,-0.6,-0.6,0.176058368157129
0.16,-0.6,-0.6,0.175557019279473
0.17,-0.6,-0.6,0.175031238394898
0.18,-0.6,-0.6,0.174481939426121
0.19,-0.6,-0.6,0.173910034323275
0.2,-0.6,-0.6,0.173316432448554
0.21,-0.6,-0.6,0.172702031194284
0.22,-0.6,-0.6,0.172067715495337
0.23,-0.6,-0.6,0.171414357829127
0.24,-0.6,-0.6,0.170742818215612
0.25,-0.6,-0.6,0.170053944217295
0.26,-0.6,-0.6,0.169348570939222
0.27,-0.6,-0.6,0.168627521028982
0.28,-0.6,-0.6,0.16789160467671
0.29,-0.6,-0.6,0.16714161961872
0.3,-0.6,-0.6,0.166378354092878
0.31,-0.6,-0.6,0.165602590814504
0.32,-0.6,-0.6,0.164815099552302
0.33,-0.6,-0.6,0.164016635885144
0.34,-0.6,-0.6,0.163207941202075
0.35,-0.6,-0.6,0.162389742702311
0.36,-0.6,-0.6,0.161562753395237
0.37,-0.6,-0.6,0.16072767210041
0.38,-0.6,-0.6,0.159885183447559
0.39,-0.6,-0.6,0.159035957876581
0.4,-0.6,-0.6,0.158180651637547
0.41,-0.6,-0.6,0.157319907095442
0.42,-0.6,-0.6,0.156454358040693
0.43,-0.6,-0.6,0.155584626018751
0.44,-0.6,-0.6,0.154711317710773
0.45,-0.6,-0.6,0.153835025495934
0.46,-0.6,-0.6,0.152956327451425
0.47,-0.6,-0.6,0.15207578735246
0.48,-0.6,-0.6,0.151193954672266
0.49,-0.6,-0.6,0.150311364582092
0.5,-0.6,-0.6,0.149428537951201
0.51,-0.6,-0.6,0.148545981346877
0.52,-0.6,-0.6,0.147664187034423
0.53,-0.6,-0.6,0.146783633142304
0.54,-0.6,-0.6,0.145904789256868
0.55,-0.6,-0.6,0.145028110714039
0.56,-0.6,-0.6,0.144154037624356
0.57,-0.6,-0.6,0.143282996972666
0.58,-0.6,-0.6,0.142415402618121
0.59,-0.6,-0.6,0.141551655294182
0.6,-0.6,-0.6,0.140692142608617
0.61,-0.6,-0.6,0.139837239043499
0.62,-0.6,-0.6,0.138987305955212
0.63,-0.6,-0.6,0.138142691574442
0.64,-0.6,-0.6,0.137303731006187
0.65,-0.6,-0.6,0.136470746229749
0.66,-0.6,-0.6,0.135644046686899
0.67,-0.6,-0.6,0.134823933220051
0.68,-0.6,-0.6,0.134010692995389
0.69,-0.6,-0.6,0.133204600636255
0.7,-0.6,-0.6,0.132405918947861
0.71,-0.6,-0.6,0.131614899061584
0.72,-0.6,-0.6,0.130831780599639
0.73,-0.6,-0.6,0.130056791822047
0.74,-0.6,-0.6,0.129290149805347
0.75,-0.6,-0.6,0.128532060595778
0.76,-0.599999991973233,-0.600000001354661,0.127783705731995
0.77,-0.599999871826194,-0.600000021631627,0.12704625829208
0.78,-0.599999355800793,-0.600000108720163,0.126319888421757
0.79,-0.599997985064915,-0.600000340056408,0.125604753706726
0.8,-0.599995148187342,-0.600000818830329,0.124900999969363
0.81,-0.599990104901045,-0.600001669975229,0.124208762060408
0.82,-0.599982020459389,-0.600003034369529,0.123528165027953
0.83,-0.599969992169024,-0.600005064358856,0.122859324792956
0.84,-0.599953084561105,-0.600007917820286,0.12220234904026
0.85,-0.599930354537555,-0.60001175391846,0.121557337666414
0.86,-0.599900880481275,-0.600016728192725,0.120924383195207
0.87,-0.599863782128605,-0.600022989203308,0.120303570894128
0.88,-0.599818238318271,-0.600030675535861,0.119694978815558
0.89,-0.599763500534505,-0.600039913515816,0.11909867772225
0.9,-0.599698899249508,-0.600050816137965,0.118514730975226
0.91,-0.599623848900717,-0.600063482226448,0.117943194426802
0.92,-0.599537846266513,-0.60007799670886,0.117384116345006
0.93,-0.599440467335273,-0.600094431144629,0.116837537389014
0.94,-0.599331359884427,-0.600112844977429,0.11630349065635
0.95,-0.599210236039888,-0.600133286790877,0.115782001758868
0.96,-0.599076861203713,-0.600155796177195,0.115273088988882
0.97,-0.598931043529707,-0.600180405513396,0.114776763505402
0.98,-0.598772625028703,-0.600207141462412,0.114293029505298
0.99,-0.598601468616062,-0.600236027159107,0.113821884509623
1,-0.598417452618248,-0.600267083137378,0.113363319516088
1.01,-0.598220459033068,-0.600300329311516,0.11291731931261
1.02,-0.598010370682616,-0.600335785456688,0.112483862617582
1.03,-0.597787063303292,-0.60037347254395,0.11206292237637
1.04,-0.597550404630933,-0.60041341289465,0.111654465896924
1.05,-0.597300250546744,-0.600455630830915,0.111258455125958
1.06,-0.597036446097178,-0.600500152503536,0.110874846765878
1.07,-0.596758825103628,-0.60054700595786,0.110503592536537
1.08,-0.596467212205783,-0.60059622078894,0.110144639277975
1.09,-0.596161425267108,-0.60064782773557,0.109797929167321
1.1,-0.595841278096712,-0.600701858220918,0.109463399890388
1.11,-0.595506582561819,-0.600758343995994,0.109140984662623
1.12,-0.595157153686527,-0.600817316279128,0.108830612568793
1.13,-0.594792811716376,-0.600878805407512,0.108532208607357
1.14,-0.594413382990135,-0.600942840690061,0.108245693705545
1.15,-0.59401870547252,-0.601009449473623,0.107970985047132
1.16,-0.593608629719489,-0.601078656980053,0.107707996129498
1.17,-0.593183018251254,-0.601150486412011,0.107456636800952
1.18,-0.592741748933716,-0.601224958382251,0.107216813529872
1.19,-0.592284714394168,-0.60130209101222,0.106988429468148
1.2,-0.591811821645495,-0.601381899995459,0.106771384569295
1.21,-0.591322992521455,-0.601464398524144,0.106565575832573
1.22,-0.590818162324697,-0.601549597517238,0.106370897317189
1.23,-0.590297278922704,-0.601637505773064,0.106187240355507
1.24,-0.589760301513006,-0.601728130177739,0.106014493785144
1.25,-0.589207199716471,-0.601821475858148,0.105852543924215
1.26,-0.588637952232208,-0.601917546408983,0.105701274786528
1.27,-0.588052544483153,-0.602016344290158,0.10556056837375
1.28,-0.587450968429498,-0.602117870858266,0.1054303046626
1.29,-0.586833222331026,-0.602222126406663,0.105310361664625
1.3,-0.586199307730476,-0.602329110674687,0.10520061580788
1.31,-0.585549229328316,-0.602438822868792,0.105100941976084
1.32,-0.584882995847908,-0.60255126151647,0.105011213486456
1.33,-0.584200618008563,-0.602666424808428,0.104931302402089
1.34,-0.583502108291419,-0.602784310638104,0.104861079638236
1.35,-0.582787481868333,-0.602904916444853,0.104800414927414
1.36,-0.582056755692364,-0.603028239367495,0.104749177081414
1.37,-0.581309948448418,-0.603154276252657,0.104707234114523
1.38,-0.58054708140715,-0.603283023510601,0.10467445318469
1.39,-0.579768178159219,-0.603414477160108,0.104650700812502
1.4,-0.578973264638821,-0.603548632824516,0.104635843058873
1.41,-0.578162369663262,-0.603685485640619,0.104629745493968
1.42,-0.577335525020997,-0.603825030243784,0.104632273191494
1.43,-0.576492765544556,-0.603967260755669,0.104643291076349
1.44,-0.575634129167143,-0.604112170774673,0.104662663986222
1.45,-0.574759657098318,-0.604259753346255,0.104690256685526
1.46,-0.57386939398306,-0.604410000936018,0.104725933573034
1.47,-0.572963387518699,-0.604562905494422,0.104769559274026
1.48,-0.572041688407933,-0.604718458464725,0.104820998749104
1.49,-0.571104350358823,-0.604876650782979,0.104880117294196
1.5,-0.57015142999267,-0.605037472893543,0.104946780434675
1.51,-0.569182983355994,-0.605200914954274,0.10502039545252
1.52,-0.568199119110208,-0.605366953662929,0.105100367396073
1.53,-0.567200049523138,-0.605535539649321,0.105186559566453
1.54,-0.566186080099137,-0.605706599476397,0.105278833971539
1.55,-0.565157598877656,-0.605880038404839,0.105377051680906
1.56,-0.564115060920704,-0.606055744398786,0.105481073363958
1.57,-0.563058975027959,-0.606233591567732,0.105590759686161
1.58,-0.56198988354855,-0.606413445387998,0.105705971928265
1.59,-0.560908349816553,-0.606595165960558,0.105826572309333
1.6,-0.559814939878907,-0.606778612741928,0.105952424435677
1.61,-0.558710210158096,-0.606963647740599,0.10608339356261
1.62,-0.557594695771772,-0.607150138543462,0.10621934679058
1.63,-0.556468901258732,-0.607337960717348,0.106360153207228
1.64,-0.555333293456284,-0.60752699965247,0.106505683953737
1.65,-0.554188298059323,-0.607717151452659,0.106655812237317
1.66,-0.553034296787724,-0.607908323663954,0.106810413325755
1.67,-0.551871628480993,-0.60810043498912,0.106969364504251
1.68,-0.550700590474989,-0.608293414921821,0.107132545033555
1.69,-0.549521442158269,-0.608487202823414,0.107299836099296
1.7,-0.548334409985541,-0.608681746611024,0.107471120756584
1.71,-0.547139691961075,-0.608877001591321,0.107646283888299
1.72,-0.545937461949846,-0.60907292934439,0.107825212172438
1.73,-0.544727878932125,-0.609269495293024,0.108007794017825
1.74,-0.543511089117413,-0.609466668164559,0.108193919554632
1.75,-0.542287229785032,-0.609664418993479,0.108383480617313
1.76,-0.541056437400497,-0.609862718988322,0.108576370704048
1.77,-0.539818847215776,-0.610061539644954,0.108772484987349
1.78,-0.538574597092434,-0.61026085174263,0.108971720306912
1.79,-0.537323829865017,-0.610460624721192,0.109173975171567
1.8,-0.536066692774988,-0.610660826830203,0.10937914977448
1.81,-0.534803339296436,-0.610861424638054,0.109587146011352
1.82,-0.533533927486092,-0.611062383467684,0.109797867495189
1.83,-0.532258619635929,-0.611263667472154,0.110011219588926
1.84,-0.530977580960069,-0.611465239970471,0.110227109430465
1.85,-0.529690978298779,-0.611667063796445,0.110445445935699
1.86,-0.528398977725504,-0.611869101892404,0.110666139854469
1.87,-0.527101743282278,-0.612071317641529,0.110889103777688
1.88,-0.52579943607675,-0.612273675117034,0.111114252131489
1.89,-0.52449221141284,-0.612476139800433,0.11134150122136
1.9,-0.52318021805325,-0.612678678777457,0.111570769230805
1.91,-0.52186359827575,-0.61288126073513,0.111801976208294
1.92,-0.520542485354311,-0.613083856593047,0.112035044091871
1.93,-0.51921700385903,-0.613286439432306,0.112269896697792
1.94,-0.517887270034279,-0.613488984405544,0.112506459705658
1.95,-0.516553390652669,-0.613691469014184,0.112744660664412
1.96,-0.515215463845077,-0.613893872902571,0.112984428976716
1.97,-0.513873579607043,-0.614096177731953,0.113225695883516
1.98,-0.512527819934896,-0.614298367124048,0.113468394457333
1.99,-0.511178259657616,-0.614500426454933,0.113712459587221
2,-0.509824966859023,-0.614702342761478,0.113957827962511
2.01,-0.508468004010648,-0.614904104416244,0.114204438055137
2.02,-0.507107428479452,-0.615105700992961,0.114452230110905
2.03,-0.50574329276605,-0.615307123240778,0.114701146130893
2.04,-0.504375645027229,-0.615508362934628,0.114951129854326
2.05,-0.503004530527147,-0.615709412466912,0.115202126736291
2.06,-0.50162999165279,-0.615910264847831,0.115454083942202
2.07,-0.500252067373532,-0.616110913892298,0.115706950327959
2.08,-0.498870793901825,-0.616311354025851,0.115960676422191
2.09,-0.497486205487795,-0.616511580048004,0.116215214400012
2.1,-0.496098334303263,-0.616711587165668,0.116470518077844
2.11,-0.494707209671775,-0.61691137123881,0.116726542895274
2.12,-0.493312858598044,-0.617110928628541,0.116983245895531
2.13,-0.49191530575434,-0.617310256165866,0.11724058569429
2.14,-0.490514573387802,-0.617509351177058,0.117498522475156
2.15,-0.489110680944649,-0.617708211624334,0.117757017969749
2.16,-0.487703645376046,-0.617906836025565,0.118016035440256
2.17,-0.486293480695959,-0.618105223528605,0.118275539640453
2.18,-0.484880197894419,-0.618303373932971,0.118535496809939
2.19,-0.483463805103159,-0.618501287682418,0.118795874653891
2.2,-0.482044307799131,-0.618698965827893,0.119056642328111
2.21,-0.480621708379491,-0.618896410092941,0.11931777039246
2.22,-0.479196006105182,-0.619093622885417,0.1195792308019
2.23,-0.477767197514462,-0.619290607224438,0.119840996892769
2.24,-0.476335276529781,-0.619487366713438,0.12010304334784
2.25,-0.474900234341306,-0.619683905552187,0.120365346170839
2.26,-0.473462060937887,-0.619880227471757,0.120627640693509
2.27,-0.472020768438875,-0.620076325432704,0.120889664220818
2.28,-0.47057641357285,-0.620272171714755,0.121151396096148
2.29,-0.469129095934822,-0.620467718339247,0.121412816536378
2.3,-0.467678951998858,-0.620662899855712,0.12167390669785
2.31,-0.466226149219853,-0.620857636083709,0.121934648727885
2.32,-0.464770878844985,-0.621051835449931,0.12219502582161
2.33,-0.463313345541123,-0.621245399786583,0.122455022312639
2.34,-0.46185376358266,-0.621438226111158,0.12271462367957
2.35,-0.46039234656104,-0.62163021138517,0.122973816601106
2.36,-0.45892930019827,-0.621821255837856,0.123232588977153
2.37,-0.45746482058788,-0.622011263798844,0.123490929897908
2.38,-0.455999085698077,-0.622200147620399,0.123748829643654
2.39,-0.454532255212085,-0.622387827768293,0.124006279647426
2.4,-0.453064466512843,-0.622574234679891,0.124263272453642
2.41,-0.451595835129697,-0.622759308573036,0.124519801680995
2.42,-0.450126454310765,-0.622942999651334,0.124775861970035
2.43,-0.448656396064632,-0.623125267635377,0.125031448945346
2.44,-0.447185713267812,-0.623306080805917,0.125286559172553
2.45,-0.445714441712414,-0.623485415059922,0.125541190108686
2.46,-0.444242602069573,-0.623663253036104,0.125795340087518
2.47,-0.442770203764215,-0.623839582325013,0.126049008259889
2.48,-0.441297247777925,-0.624014394178476,0.126302194562534
2.49,-0.439823727043429,-0.624187683376078,0.126554899714807
2.5,-0.438349630844763,-0.624359446185253,0.126807125160422
2.51,-0.436874948143479,-0.624529678820076,0.127058873033058
2.52,-0.435399666252718,-0.624698378102347,0.127310146156647
2.53,-0.433923773163888,-0.62486554039144,0.127560948007084
2.54,-0.432447259854123,-0.625031160515301,0.127811282676621
2.55,-0.430970118964201,-0.625195232412842,0.128061154870258
2.56,-0.429492345892004,-0.625357748632511,0.128310569870977
2.57,-0.428013938934025,-0.625518700270508,0.128559533517357
2.58,-0.426534898136844,-0.625678077533942,0.128808052199525
2.59,-0.425055225236778,-0.62583586976106,0.129056132822137
2.6,-0.423574922880915,-0.625992065779119,0.129303782786185
2.61,-0.422093994151374,-0.626146654179633,0.129551009993961
2.62,-0.420612441599028,-0.626299623750397,0.129797822809626
2.63,-0.41913026602301,-0.6264509640117,0.130044230031282
2.64,-0.41764746618389,-0.626600665373543,0.130290240887926
2.65,-0.41616403894757,-0.626748719144488,0.130535865034845
2.66,-0.414679978180077,-0.626895117988622,0.130781112511235
2.67,-0.413195273677088,-0.627039856407295,0.131025993718975
2.68,-0.411709911874642,-0.62718293045101,0.131270519418681
2.69,-0.410223876219102,-0.627324337586545,0.131514700715188
2.7,-0.408737146247349,-0.627464077077264,0.131758549019847
2.71,-0.407249697851708,-0.627602149869057,0.132002076039545
2.72,-0.405761504007488,-0.627738558307946,0.132245293771774
2.73,-0.404272534727155,-0.627873306137771,0.132488214472591
2.74,-0.402782757333741,-0.628006398353324,0.132730850634687
2.75,-0.401292137016597,-0.628137840978372,0.132973214980761
2.76,-0.399800636771287,-0.628267641153009,0.133215320461958
2.77,-0.398308218269019,-0.628395806660344,0.133457180209752
2.78,-0.396814842091321,-0.628522345805878,0.133698807527214
2.79,-0.395320468121326,-0.628647267256569,0.133940215877358
2.8,-0.393825054879604,-0.628770580496362,0.134181418901
2.81,-0.39232856040268,-0.628892295312441,0.134422430366529
2.82,-0.390830942931718,-0.629012421420779,0.134663264142945
2.83,-0.389332160912522,-0.62913096846614,0.134903934199859
2.84,-0.387832172645553,-0.6292479462486,0.135144454605433
2.85,-0.386330935812766,-0.629363365084507,0.135384839525346
2.86,-0.384828408340017,-0.629477235249873,0.135625103186063
2.87,-0.383324548331612,-0.629589566996003,0.135865259855957
2.88,-0.381819314024775,-0.629700370570122,0.136105323843646
2.89,-0.380312663374945,-0.629809656492673,0.136345309493589
2.9,-0.378804554423181,-0.629917435474565,0.136585231189808
2.91,-0.377294945103694,-0.630023718350181,0.136825103310728
2.92,-0.375783793161178,-0.630128516097931,0.137064940222972
2.93,-0.374271056146898,-0.630231839843122,0.137304756281145
2.94,-0.372756691358098,-0.630333701000545,0.137544565823738
2.95,-0.371240656135908,-0.630434111224465,0.137784383172227
2.96,-0.36972290763229,-0.630533082345324,0.138024222597892
2.97,-0.368203402697083,-0.630630626406325,0.138264098313704
2.98,-0.366682097885129,-0.630726755662813,0.138504024474353
2.99,-0.365158949812514,-0.630821482548718,0.138744015174702
3,-0.36363391513757,-0.630914819651932,0.138984084438528
3.01,-0.36210695127341,-0.631006778216862,0.139224129112335
3.02,-0.360578028413735,-0.631097353715873,0.139464044184481
3.03,-0.359047141033079,-0.631186512009475,0.139703843275421
3.04,-0.357514306938788,-0.631274190123415,0.1399435397662
3.05,-0.355979564839156,-0.631360299331039,0.140183146819057
3.06,-0.354442970694002,-0.631444729755247,0.14042267740561
3.07,-0.352904593250205,-0.631527355984162,0.140662144350485
3.08,-0.351364511301851,-0.631608040530459,0.140901560345921
3.09,-0.349822808110077,-0.631686640833336,0.141140937991065
3.1,-0.348279567909838,-0.631763013646589,0.141380289806812
3.11,-0.346734874126708,-0.631837017300617,0.141619628233291
3.12,-0.345188803609276,-0.631908518912944,0.141858965643198
3.13,-0.343641426855176,-0.631977394136539,0.14209831432634
3.14,-0.342092805247895,-0.632043530620318,0.142337686478423
3.15,-0.340542989825255,-0.632106829555063,0.142577094188384
3.16,-0.338992021727744,-0.632167205137094,0.142816549422101
3.17,-0.337439931149373,-0.63222458586173,0.143056064005254
3.18,-0.335886738772604,-0.632278912768208,0.143295649614147
3.19,-0.334332456254071,-0.63233013881153,0.143535317759977
3.2,-0.332777087419688,-0.632378227369318,0.143775079781028
3.21,-0.331220629288939,-0.632423151020609,0.144014946838279
3.22,-0.329663074220565,-0.632464888792803,0.144254929904259
3.23,-0.328104410916352,-0.632503424923716,0.144495039761181
3.24,-0.326544625164176,-0.632538748008441,0.144735286998897
3.25,-0.324983702105796,-0.63257084808775,0.144975682009191
3.26,-0.323421627067584,-0.632599715623144,0.145216234984606
3.27,-0.321858385366815,-0.632625341803259,0.145456955916822
3.28,-0.320293964319581,-0.632647715967583,0.145697854594281
3.29,-0.318728353318817,-0.632666825525657,0.145938940601708
3.3,-0.317161543342616,-0.632682656627992,0.146180223318698
3.31,-0.315593527967794,-0.632695192834407,0.146421711919712
3.32,-0.314024302978966,-0.632704415623654,0.146663415374003
3.33,-0.312453865880841,-0.632710305059662,0.146905342444113
3.34,-0.310882215913891,-0.632712839698245,0.1471475016877
3.35,-0.309309353583944,-0.63271199717626,0.147389901457847
3.36,-0.307735280396765,-0.632707754658064,0.147632549900141
3.37,-0.30615999826013,-0.63270008948867,0.14787545495497
3.38,-0.304583508954055,-0.632688979800022,0.148118624359074
3.39,-0.303005813803686,-0.632674404974157,0.148362065644182
3.4,-0.301426914212047,-0.632656345138466,0.148605786133235
3.41,-0.29984681051841,-0.63263478240219,0.148849792944494
3.42,-0.298265501500882,-0.632609701424858,0.14909409299266
3.43,-0.296682984602195,-0.632581089180199,0.149338692988293
3.44,-0.295099256680192,-0.632548934209533,0.149583599433912
3.45,-0.293514313230557,-0.632513227414781,0.149828818627858
3.46,-0.291928148299917,-0.632473962106954,0.150074356667144
3.47,-0.290340754816465,-0.632431133631921,0.150320219447414
3.48,-0.288752124924336,-0.632384739105661,0.150566412658731
3.49,-0.287162249893419,-0.632334777360676,0.150812941792277
3.5,-0.285571120288459,-0.632281248666739,0.151059812143865
3.51,-0.28397872626701,-0.632224154344851,0.151307028815919
3.52,-0.282385057526523,-0.63216349715944,0.151554596707673
3.53,-0.28079010343398,-0.632099280972717,0.151802520523395
3.54,-0.279193853530444,-0.632031509886344,0.152050804782553
3.55,-0.277596297532088,-0.631960188239848,0.15229945381983
3.56,-0.275997425327898,-0.63188532068762,0.152548471784313
3.57,-0.274397226868509,-0.631806912699824,0.152797862632382
3.58,-0.272795692338061,-0.631724970009236,0.153047630137532
3.59,-0.271192812370313,-0.631639498237258,0.153297777898862
3.6,-0.26958857803911,-0.631550502915432,0.153548309341286
3.61,-0.267982980609929,-0.631457989964314,0.153799227711927
3.62,-0.266376011630057,-0.631361965620057,0.154050536079157
3.63,-0.264767662960989,-0.63126243616074,0.154302237346134
3.64,-0.26315792674743,-0.631159407927874,0.154554334252398
3.65,-0.261546795299453,-0.631052887531434,0.15480682937394
3.66,-0.259934261164502,-0.630942882020265,0.155059725113786
3.67,-0.258320317055316,-0.630829398692305,0.155313023717235
3.68,-0.256704955738829,-0.63071244512677,0.155566727278491
3.69,-0.255088170032299,-0.630592029185735,0.155820837740969
3.7,-0.253469952799041,-0.630468159137353,0.156075356897084
3.71,-0.251850297174037,-0.630340843740461,0.156330286373817
3.72,-0.250229196333131,-0.63021009206704,0.156585627656379
3.73,-0.248606643420499,-0.630075913485344,0.156841382094418
3.74,-0.246982631548644,-0.629938317659899,0.157097550902025
3.75,-0.245357153870162,-0.629797314568317,0.157354135151488
3.76,-0.243730204473735,-0.629652911759361,0.157611073073121
3.77,-0.242101785646882,-0.629505087363165,0.157868304003231
3.78,-0.240471915178921,-0.629353764402129,0.158125828502204
3.79,-0.238840625788523,-0.629198812386871,0.15838364690857
3.8,-0.237207963264266,-0.629040054102202,0.158641759399368
3.81,-0.235573984549583,-0.62887727254943,0.158900166030899
3.82,-0.233938754754857,-0.628710221831773,0.15915886681512
3.83,-0.232302344796737,-0.62853863574852,0.159417861762449
3.84,-0.230664828939676,-0.628362236722447,0.159677150908388
3.85,-0.229026281794555,-0.628180746754312,0.15993673434511
3.86,-0.227386776998506,-0.627993892228587,0.160196612209411
3.87,-0.225746384376892,-0.627801414264309,0.160456784672495
3.88,-0.224105169451948,-0.627603070531536,0.160717251913546
3.89,-0.222463191574867,-0.627398642056336,0.160978014082596
3.9,-0.220820503902005,-0.627187933351832,0.161239071275679
3.91,-0.219177152627398,-0.62697077519571,0.161500423495985
3.92,-0.217533177350937,-0.626747023337222,0.161762070639214
3.93,-0.215888611265756,-0.626516557779461,0.162024012471308
3.94,-0.214243481701828,-0.626279280812266,0.162286248623203
3.95,-0.212597810931394,-0.626035114094965,0.162548778591437
3.96,-0.210951617033781,-0.625783995363089,0.162811601740332
3.97,-0.20930491449998,-0.625525876374997,0.163074717311597
3.98,-0.207657715461378,-0.625260718257857,0.163338124439081
3.99,-0.206010030572941,-0.624988488197089,0.1636018221627
4,-0.204361869155019,-0.624709159090893,0.163865809432697
4.01,-0.202713240553986,-0.624422704320461,0.164130085133387
4.02,-0.201064154522274,-0.624129096349121,0.164394648091629
4.03,-0.199414621147094,-0.623828307073851,0.164659497077735
4.04,-0.19776465173027,-0.623520304393383,0.164924630825055
4.05,-0.196114258585375,-0.623205053016752,0.165190048028348
4.06,-0.194463455102388,-0.622882514181116,0.165455747349011
4.07,-0.192812255873035,-0.622552645092895,0.165721727422695
4.08,-0.191160676334418,-0.622215400337548,0.165987986853256
4.09,-0.189508732671133,-0.621870732128536,0.16625452421774
4.1,-0.187856441563676,-0.621518591196665,0.166521338065581
4.11,-0.186203820024204,-0.621158927551159,0.166788426913111
4.12,-0.184550884998168,-0.620791691810918,0.16705578924327
4.13,-0.182897653053816,-0.62041683627117,0.167323423503449
4.14,-0.181244140280404,-0.620034315441365,0.1675913281
4.15,-0.179590362427326,-0.619644085645691,0.167859501400387
4.16,-0.177936334149568,-0.61924610755337,0.1681279417251
4.17,-0.176282068906041,-0.618840346532946,0.168396647346149
4.18,-0.1746275792913,-0.618426771644314,0.168665616489677
4.19,-0.172972877013019,-0.618005355779059,0.168934847335513
4.2,-0.171317972569884,-0.617576076612219,0.169204338015621
4.21,-0.169662875355271,-0.617138916237891,0.169474086616153
4.22,-0.168007593906626,-0.616693860474868,0.169744091179733
4.23,-0.166352135857151,-0.616240898884242,0.170014349708209
4.24,-0.164696508004931,-0.615780024348157,0.170284860167617
4.25,-0.163040716474472,-0.615311232566804,0.170555620491115
4.26,-0.161384766758812,-0.614834522165633,0.170826628576568
4.27,-0.159728663885925,-0.614349893702096,0.171097882298072
4.28,-0.158072412531301,-0.613857349144303,0.171369379510836
4.29,-0.156416017052927,-0.61335689191826,0.171641118050336
4.3,-0.15475948145869,-0.612848527243484,0.171913095729105
4.31,-0.153102809626819,-0.612332260885012,0.172185310350495
4.32,-0.15144600536844,-0.611808098853452,0.172457759711866
4.33,-0.149789072339018,-0.611276047972867,0.172730441599956
4.34,-0.148132014038025,-0.610736115970061,0.173003353790437
4.35,-0.146474833921274,-0.610188310705094,0.173276494057923
4.36,-0.144817535389657,-0.609632640205541,0.173549860176492
4.37,-0.143160121703785,-0.609069113257143,0.173823449914418
4.38,-0.141502596015349,-0.60849773920987,0.174097261037191
4.39,-0.139844961351117,-0.607918527785843,0.174371291312804
4.4,-0.13818722059226,-0.607331489175484,0.174645538511396
4.41,-0.136529376447064,-0.606736634480018,0.174920000400349
4.42,-0.134871431465623,-0.60613397552081,0.175194674747795
4.43,-0.133213387976278,-0.60552352480778,0.175469559326804
4.44,-0.131555248081122,-0.604905295551078,0.175744651915538
4.45,-0.129897013676094,-0.604279301873657,0.176019950294599
4.46,-0.128238686492026,-0.603645558889637,0.176295452245041
4.47,-0.126580268027834,-0.603004082430009,0.176571155556381
4.48,-0.124921759540909,-0.602354889021539,0.176847058027519
4.49,-0.123263162059451,-0.601697995908548,0.177123157466201
4.5,-0.12160447647786,-0.601033421180543,0.177399451534282
4.51,-0.119945704427759,-0.600361183233232,0.177675908261687
4.52,-0.118286856199915,-0.59968130039147,0.177952503089463
4.53,-0.116627957147887,-0.598993790461703,0.178229233874019
4.54,-0.114969047136102,-0.598298670527629,0.178506098439884
4.55,-0.113310178520169,-0.5975959570443,0.178783094618054
4.56,-0.111651413891545,-0.596885665885087,0.179060220255269
4.57,-0.109992824230465,-0.596167812518362,0.179337473215119
4.58,-0.108334485686883,-0.595442412145196,0.1796148513868
4.59,-0.106676476147699,-0.594709479846452,0.179892352693608
4.6,-0.105018874531548,-0.593969030733832,0.180169975088581
4.61,-0.103361758645793,-0.593221080066639,0.180447716557994
4.62,-0.101705200948653,-0.592465643453939,0.180725575124659
4.63,-0.100049269492567,-0.591702736871802,0.181003548843961
4.64,-0.0983940268704825,-0.590932376753983,0.181281635802278
4.65,-0.0967395279577972,-0.590154580069557,0.181559834115882
4.66,-0.0950858211741355,-0.589369364321034,0.181838141928965
4.67,-0.0934329480227715,-0.588576747545525,0.182116557411738
4.68,-0.091780943035956,-0.587776748250864,0.182395078759319
4.69,-0.0901298349922206,-0.586969385456515,0.182673704191044
4.7,-0.0884796473891962,-0.586154678544125,0.182952431950161
4.71,-0.0868303993733617,-0.585332647073811,0.183231260304522
4.72,-0.0851821062661467,-0.584503310982772,0.183510187545612
4.73,-0.0835347802689219,-0.583666690478492,0.183789211989044
4.74,-0.08188843253204,-0.582822805541553,0.184068331977869
4.75,-0.0802430732915256,-0.581971675938084,0.184347545882607
4.76,-0.0785987118654971,-0.581113321573645,0.18462685209949
4.77,-0.0769553572156263,-0.580247762243299,0.184906249052035
4.78,-0.0753130195626819,-0.57937501724197,0.185185735194232
4.79,-0.0736717101252839,-0.578495105462963,0.185465309009953
4.8,-0.0720314402590811,-0.57760804568949,0.185744969010977
4.81,-0.0703922225215294,-0.576713856231495,0.186024713739893
4.82,-0.0687540706885236,-0.575812554862164,0.186304541770747
4.83,-0.0671169990401256,-0.574904159060256,0.186584451707212
4.84,-0.0654810224053249,-0.573988685959962,0.18686444218305
4.85,-0.063846156019959,-0.573066152172596,0.187144511863488
4.86,-0.062212415149045,-0.572136573840584,0.187424659444631
4.87,-0.0605798149964946,-0.571199966980506,0.187704883651047
4.88,-0.0589483704187265,-0.570256347276833,0.187985183236974
4.89,-0.0573180953815473,-0.569305729944638,0.188265556986908
4.9,-0.0556890029370322,-0.568348129748544,0.188546003715407
4.91,-0.0540611052166386,-0.567383561363347,0.188826522264212
4.92,-0.0524344135711661,-0.566412039345797,0.189107111502658
4.93,-0.0508089379590675,-0.565433577876498,0.189387770328429
4.94,-0.0491846868643667,-0.56444819075921,0.189668497667396
4.95,-0.0475616676337006,-0.563455891532126,0.18994929247288
4.96,-0.0459398867222605,-0.562456693749463,0.190230153723906
4.97,-0.0443193493903177,-0.561450610651718,0.190511080426593
4.98,-0.0427000598027253,-0.560437655071882,0.190792071614514
4.99,-0.0410820211606362,-0.559417839468349,0.191073126348495
5,-0.0394652359781898,-0.558391176265514,0.191354243714501
5.01,-0.0378497059463711,-0.557357677655825,0.191635422824434
5.02,-0.0362354322713099,-0.556317355339164,0.191916662817536
5.03,-0.0346224157044445,-0.555270220525601,0.192197962860349
5.04,-0.0330106565740263,-0.554216284231756,0.192479322144662
5.05,-0.0314001546872167,-0.553155557367129,0.192760739886776
5.06,-0.0297909097137323,-0.552088050307768,0.193042215329755
5.07,-0.0281829212426684,-0.551013772862987,0.193323747743585
5.08,-0.0265761886932291,-0.549932734420177,0.193605336423999
5.09,-0.0249707111152711,-0.548844944352787,0.193886980689715
5.1,-0.0233664874548043,-0.547750411591592,0.19416867988468
5.11,-0.0217635166162462,-0.546649144492881,0.194450433378509
5.12,-0.0201617974386931,-0.545541150862671,0.194732240566256
5.13,-0.0185613284693034,-0.544426438364674,0.195014100865453
5.14,-0.0169621080677149,-0.543305014468158,0.195296013716352
5.15,-0.0153641344391675,-0.542176886114412,0.195577978583105
5.16,-0.0137674056216175,-0.541042059707653,0.195859994953712
5.17,-0.0121719194317392,-0.5399005412656,0.196142062338845
5.18,-0.0105776734113601,-0.53875233680361,0.196424180269377
5.19,-0.00898466488616974,-0.537597451946768,0.196706348298044
5.2,-0.00739289093935684,-0.536435891830898,0.196988565999502
5.21,-0.00580234841190372,-0.535267661140359,0.197270832970098
5.22,-0.00421303390761777,-0.534092764465843,0.197553148825417
5.23,-0.00262494380022165,-0.532911206068868,0.19783551320115
5.24,-0.00103807424415546,-0.531722989874799,0.198117925752851
5.25,0.000547578810444155,-0.530528119508413,0.198400386155774
5.26,0.00213201846726706,-0.529326600830816,0.198682895128145
5.27,0.00371523511685626,-0.52811846805495,0.198965453024726
5.28,0.00529719572638919,-0.526903807131411,0.199248058688135
5.29,0.00687784431788532,-0.52568275485509,0.199530710450897
5.3,0.00845710471228541,-0.524455491596718,0.199813406236449
5.31,0.0100348841510305,-0.523222233721084,0.20009614368532
5.32,0.0116110757609924,-0.521983226506744,0.200378920245502
5.33,0.0131855649800582,-0.52073873146298,0.200661733365251
5.34,0.0147582313212142,-0.519489021110765,0.20094458053552
5.35,0.0163289532803396,-0.518234368780418,0.201227459402107
5.36,0.0178976124457483,-0.516975040312563,0.201510367838812
5.37,0.0194640950510678,-0.515711290606547,0.201793303950205
5.38,0.0210282960880049,-0.514443355677033,0.202076266112872
5.39,0.0225901199452,-0.513171451755508,0.202359252953181
5.4,0.0241494827108515,-0.511895770947606,0.202642263341363
5.41,0.0257063120316593,-0.510616482279832,0.202925296361628
5.42,0.027260547811949,-0.509333730412428,0.203208351286519
5.43,0.0288121414813145,-0.508047637990638,0.203491427550433
5.44,0.0303610551807165,-0.506758307109706,0.20377452471852
5.45,0.0319072607703394,-0.505465821772706,0.20405764246707
5.46,0.033450738510405,-0.504170250932726,0.204340780561415
5.47,0.0349914746242768,-0.502871651927256,0.20462393883017
5.48,0.0365294610841353,-0.501570072312479,0.204907117160375
5.49,0.0380646935443314,-0.500265553122275,0.205190315479586
5.5,0.0395971683734336,-0.498958132850217,0.205473533736768
5.51,0.0411268834372756,-0.497647847345298,0.205756771905426
5.52,0.0426538362290811,-0.496334732305176,0.206040029972808
5.53,0.0441780220859035,-0.49501882552853,0.206323307931136
5.54,0.0456994349400217,-0.493700166103736,0.20660660578169
5.55,0.0472180658189443,-0.49237879602908,0.206889923529562
5.56,0.0487339029527123,-0.49105475996633,0.207173261185346
5.57,0.0502469321479881,-0.489728104580794,0.20745661876818
5.58,0.0517571363924592,-0.488398878594122,0.207739996307164
5.59,0.0532644965890219,-0.487067131838955,0.20802339384447
5.6,0.0547689919364554,-0.485732914595181,0.208306811437723
5.61,0.056270600466677,-0.484396276456309,0.208590249164594
5.62,0.0577692996482635,-0.48305726570181,0.20887370712336
5.63,0.0592650666258355,-0.481715929160084,0.209157185432515
5.64,0.0607578793920276,-0.480372310403038,0.209440684234451
5.65,0.062247717137075,-0.479026449352082,0.209724203695379
5.66,0.0637345601197001,-0.477678382956241,0.210007744001567
5.67,0.0652183904757384,-0.476328144132544,0.210291305359788
5.68,0.0666991928039501,-0.474975760971459,0.210574887996965
5.69,0.0681769537388808,-0.473621257679928,0.210858492156956
5.7,0.0696516621127396,-0.472264654743146,0.211142118098231
5.71,0.0711233092365998,-0.470905968356609,0.21142576609271
5.72,0.0725918886397795,-0.469545210883884,0.21170943642433
5.73,0.0740573959225846,-0.468182391661829,0.211993129386137
5.74,0.0755198285462757,-0.46681751692659,0.212276845279166
5.75,0.0769791854759735,-0.465450590083105,0.212560584411699
5.76,0.0784354671086851,-0.464081612291572,0.212844347097402
5.77,0.0798886753152054,-0.462710582613246,0.213128133653973
5.78,0.0813388124365706,-0.461337498477441,0.213411944403055
5.79,0.0827858811859668,-0.459962355801157,0.213695779669995
5.8,0.0842298850686654,-0.458585149222382,0.21397963978186
5.81,0.0856708280428016,-0.457205872196447,0.214263525067351
5.82,0.0871087137183621,-0.455824517305662,0.21454743585733
5.83,0.0885435454556673,-0.45444107626028,0.214831372484496
5.84,0.0899753270241035,-0.453055539844764,0.215115335281647
5.85,0.0914040620456816,-0.451667898026885,0.215399324582299
5.86,0.0928297537200896,-0.450278139961114,0.215683340721107
5.87,0.0942524050578838,-0.448886253934349,0.215967384033337
5.88,0.0956720193375899,-0.447492227416085,0.216251454853308
5.89,0.0970885997568705,-0.44609604697989,0.216535553515154
5.9,0.0985021494279227,-0.444697698184218,0.216819680353048
5.91,0.0999126715297261,-0.443297165570831,0.217103835700722
5.92,0.101320169648699,-0.441894432895441,0.217388019889603
5.93,0.102724647595474,-0.440489483002116,0.217672233249406
5.94,0.104126109479573,-0.439082297633271,0.217956476108373
5.95,0.10552455971468,-0.437672857437451,0.218240748793224
5.96,0.106920003155095,-0.436261142285891,0.218525051627584
5.97,0.108312445152426,-0.43484713136826,0.218809384931233
5.98,0.109701891450519,-0.433430802994324,0.21909374902097
5.99,0.111088348184916,-0.432012134604104,0.219378144210575
6,0.112471821887731,-0.430591102855387,0.219662570810047
6.01,0.113852317350866,-0.429167685174252,0.21994702600532
6.02,0.115229815353262,-0.427741871466848,0.220231507062733
6.03,0.116604251730258,-0.426313675504494,0.220516014109096
6.04,0.117975518415745,-0.424883134231327,0.220800547133096
6.05,0.119343469270592,-0.423450304250484,0.221085106033053
6.06,0.120707925802696,-0.422015258665736,0.221369690663938
6.07,0.122068684887424,-0.420578082543754,0.221654300893786
6.08,0.123425527779787,-0.419138868625595,0.221938936661535
6.09,0.124778224610047,-0.417697714140956,0.222223597992482
6.1,0.126126546381834,-0.416254715469593,0.222508285042306
6.11,0.127470267458172,-0.414809966511105,0.222792998087678
6.12,0.12880917325943,-0.413363555194569,0.223077737521037
6.13,0.130143064694361,-0.411915561497513,0.223362503835092
6.14,0.131471760284026,-0.4104660566632,0.223647297595818
6.15,0.132795099907161,-0.409015101613159,0.223932119415038
6.16,0.134112944105962,-0.407562747634234,0.224216969929144
6.17,0.135425175474351,-0.406109035783986,0.224501849771122
6.18,0.136731696611953,-0.404653998251752,0.224786759561611
6.19,0.138032428929775,-0.403197658804363,0.225071699891406
6.2,0.139327310546557,-0.401740034032024,0.225356671320161
6.21,0.140616293464246,-0.400281134663818,0.225641674374378
6.22,0.14189934016275,-0.398820966726158,0.225926709549375
6.23,0.1431764227989,-0.397359532459342,0.226211777312343
6.24,0.144447518949894,-0.395896831726171,0.226496878110073
6.25,0.145712608040863,-0.394432863164212,0.226782012377707
6.26,0.14697167215563,-0.39296762434679,0.227067180538182
6.27,0.148224692886227,-0.391501112703918,0.227352383010622
6.28,0.149471648768521,-0.390033326306033,0.227637620218335
6.29,0.150712516707659,-0.388564263515418,0.22792289258539
6.3,0.15194726994468,-0.387093923515532,0.22820820054377
6.31,0.15317587792199,-0.385622306323603,0.228493544534755
6.32,0.154398307360406,-0.384149412455134,0.228778925006064
6.33,0.155614521789108,-0.38267524294792,0.229064342415081
6.34,0.156824482499319,-0.381199799071189,0.229349797226027
6.35,0.1580281492987,-0.379723082118375,0.229635289907462
6.36,0.159225481468163,-0.378245093006145,0.229920820930161
6.37,0.160416438543766,-0.376765832064047,0.230206390763827
6.38,0.161600980655924,-0.375285299053152,0.230491999875105
6.39,0.162779069900876,-0.373803492700449,0.230777648721906
6.4,0.163950671278685,-0.372320410412646,0.231063337749104
6.41,0.165115752418241,-0.370836048513457,0.231349067388218
6.42,0.166274283856065,-0.369350402228762,0.231634838055545
6.43,0.16742624029829,-0.367863465301231,0.231920650144901
6.44,0.168571600410126,-0.3663752301039,0.232206504027981
6.45,0.16971034606506,-0.364885688037179,0.232492400056791
6.46,0.170842462915446,-0.363394829344937,0.232778338559703
6.47,0.171967940257985,-0.361902643156132,0.23306431984121
6.48,0.173086770433029,-0.360409117772572,0.233350344184483
6.49,0.174198948786715,-0.358914240758884,0.233636411850849
6.5,0.175304473012628,-0.357417999042494,0.233922523082243
6.51,0.1764033429196,-0.355920378993235,0.234208678102263
6.52,0.177495560339892,-0.354421366614872,0.234494877116382
6.53,0.178581128693753,-0.352920947593215,0.234781120313819
6.54,0.179660052205909,-0.351419107423338,0.235067407871435
6.55,0.180732336011058,-0.349915831444406,0.235353739953182
6.56,0.181797986461253,-0.348411104884667,0.235640116708381
6.57,0.182857010223658,-0.346904912934649,0.235926538276512
6.58,0.183909414061422,-0.345397240771541,0.236213004788416
6.59,0.184955205344413,-0.343888073555512,0.236499516363621
6.6,0.185994391977096,-0.34237739646146,0.236786073110763
6.61,0.187026981927074,-0.340865194657127,0.237072675130353
6.62,0.188052983310668,-0.339351453294908,0.237359322514366
6.63,0.189072404901348,-0.337836157548867,0.237646015343501
6.64,0.190085255882616,-0.336319292603095,0.237932753688685
6.65,0.191091545796265,-0.334800843582314,0.2382195376116
6.66,0.19209128464912,-0.333280795560916,0.238506367164122
6.67,0.193084483207062,-0.331759133665692,0.238793242386621
6.68,0.194071152833575,-0.330235843018486,0.23908016330909
6.69,0.195051305515868,-0.328710908673158,0.239367129951226
6.7,0.19602495387764,-0.327184315631623,0.239654142322379
6.71,0.196992111341866,-0.3256560489973,0.23994120042047
6.72,0.197952792063817,-0.324126093942429,0.24022830423253
6.73,0.19890701078679,-0.322594435632682,0.240515453735902
6.74,0.199854782839264,-0.321061059226729,0.240802648898259
6.75,0.200796124194198,-0.319525950003558,0.241089889675684
6.76,0.20173105146191,-0.317989093909122,0.241377185964867
6.77,0.202659581595995,-0.316450482579928,0.241664547552694
6.78,0.20358173169281,-0.3149101176166,0.241951974332738
6.79,0.20449751895691,-0.313368011409081,0.242239466162484
6.8,0.205406960694525,-0.311824185148008,0.242527022868302
6.81,0.206310074246618,-0.310278667356945,0.242814644251534
6.82,0.207206876957898,-0.308731492138266,0.243102330096516
6.83,0.208097386177326,-0.307182697906011,0.243390080174122
6.84,0.208981619248601,-0.305632325583209,0.24367789424826
6.85,0.209859593513202,-0.304080415701888,0.24396577208572
6.86,0.210731326338306,-0.302527008392228,0.244253713454547
6.87,0.211596835150703,-0.300972142379102,0.244541718126529
6.88,0.212456137432795,-0.299415852076787,0.244829785884491
6.89,0.213309250755325,-0.297858168304615,0.245117916519245
6.9,0.214156192832146,-0.296299118274313,0.245406109828356
6.91,0.214996981469445,-0.294738724018403,0.2456943656193
6.92,0.215831634603089,-0.293177003246126,0.245982683706727
6.93,0.216660170339301,-0.291613969709682,0.246271063910771
6.94,0.217482606829209,-0.290049633051668,0.246559506057526
6.95,0.218298962300319,-0.288483999629786,0.246848009976976
6.96,0.21910925515059,-0.286917072910378,0.247136575501331
6.97,0.219913503697093,-0.285348854370836,0.247425202464585
6.98,0.220711726131283,-0.283779344003015,0.24771389070178
6.99,0.221503940740568,-0.282208540528614,0.248002640047146
7,0.222290165758968,-0.28063644189635,0.248291450334072
7.01,0.223070419081913,-0.27906304664592,0.248580321394307
7.02,0.223844718303689,-0.27748835388506,0.24886925305782
7.03,0.22461308101816,-0.275912362707021,0.249158245152114
7.04,0.225375524567226,-0.274335072929974,0.249447297502484
7.05,0.226132065842554,-0.272756485767385,0.249736409932209
7.06,0.226882721353671,-0.271176603542835,0.25002558226277
7.07,0.227627507497856,-0.269595428984247,0.250314814313553
7.08,0.228366440309168,-0.268012965757937,0.250604105902674
7.09,0.229099535355864,-0.266429218382783,0.250893456848113
7.1,0.229826807817649,-0.264844191875946,0.251182866967974
7.11,0.230548272763641,-0.26325789158399,0.251472336078904
7.12,0.231263944914272,-0.261670323094009,0.251761863998171
7.13,0.231973838545157,-0.260081491864807,0.252051450545261
7.14,0.232677967510403,-0.258491403151456,0.25234109554187
7.15,0.233376345559325,-0.256900061975695,0.252630798809762
7.16,0.234068986272777,-0.255307473303031,0.252920560170958
7.17,0.234755902826594,-0.253713641363295,0.253210379450868
7.18,0.235437107985683,-0.252118569600212,0.253500256478433
7.19,0.23611261419877,-0.250522260858495,0.253790191085139
7.2,0.23678243390844,-0.248924717820645,0.25408018310203
7.21,0.237446579247505,-0.247325942532435,0.254370232362816
7.22,0.238105061959951,-0.245725936419035,0.254660338704493
7.23,0.238757893410999,-0.244124700348182,0.254950501967177
7.24,0.239405084824165,-0.242522234975623,0.255240721991826
7.25,0.240046647261577,-0.240918540581622,0.255530998620707
7.26,0.240682591359455,-0.239313617209761,0.255821331699149
7.27,0.241312927316538,-0.237707464693407,0.256111721075587
7.28,0.24193766502728,-0.236100082773794,0.256402166600478
7.29,0.242556814321178,-0.234491471096346,0.256692668124634
7.3,0.2431703846356,-0.232881629286768,0.256983225501498
7.31,0.243778384949599,-0.231270557056732,0.257273838587492
7.32,0.244380823827278,-0.229658254192377,0.257564507241767
7.33,0.244977709717309,-0.228044720490662,0.257855231324256
7.34,0.245569050768318,-0.226429955832656,0.258146010696874
7.35,0.246154854670319,-0.224813960225121,0.258436845224698
7.36,0.246735128664794,-0.223196733791188,0.258727734775923
7.37,0.247309879791417,-0.221578276692897,0.259018679220319
7.38,0.247879114897646,-0.219958589181699,0.259309678429069
7.39,0.248442840396592,-0.21833767155469,0.259600732276687
7.4,0.24900106225644,-0.216715524141415,0.259891840641141
7.41,0.249553786133919,-0.215092147278017,0.260183003403008
7.42,0.250101017611479,-0.213467541362392,0.260474220443687
7.43,0.250642761902721,-0.211841706777731,0.260765491647703
7.44,0.251179023791873,-0.210214643849383,0.261056816903263
7.45,0.25170980765843,-0.208586352849543,0.261348196102091
7.46,0.252235117788031,-0.206956834074722,0.261639629137147
7.47,0.252754958287303,-0.205326087824411,0.261931115903247
7.48,0.253269332854559,-0.203694114327345,0.262222656298904
7.49,0.253778244774785,-0.202060913739161,0.262514250226377
7.5,0.254281697093589,-0.20042648620119,0.26280589760218
7.51,0.254779695073915,-0.198790832348759,0.263097632655112
7.52,0.255272268038818,-0.197153957549286,0.263389487103758
7.53,0.255759489156117,-0.195515875818277,0.263681460209963
7.54,0.256241475130061,-0.193876609739168,0.263973550861249
7.55,0.256718379990549,-0.192236189355388,0.264265757632571
7.56,0.257190388032551,-0.190594650731766,0.264558078885159
7.57,0.257657709436171,-0.188952035235088,0.264850512806043
7.58,0.258120568761787,-0.187308387205768,0.265143057548538
7.59,0.25857919759824,-0.185663752464646,0.265435711313072
7.6,0.259033831261207,-0.184018177808222,0.265728472347319
7.61,0.259484698091674,-0.182371708763064,0.266021339048819
7.62,0.25993201552134,-0.180724388812145,0.266314309979067
7.63,0.260375987324462,-0.17907625883252,0.266607383863168
7.64,0.260816797921557,-0.177427355918046,0.266900559610841
7.65,0.261254612868275,-0.175777713447777,0.267193836296126
7.66,0.261689575980292,-0.174127360489595,0.26748721315184
7.67,0.262121811057067,-0.172476322109903,0.267780689549452
7.68,0.262551421940574,-0.170824619381298,0.268074264980651
7.69,0.262978494404381,-0.16917226974185,0.2683679390415
7.7,0.263403098486454,-0.167519287455348,0.268661711413184
7.71,0.263825291348857,-0.165865684234218,0.268955581840759
7.72,0.264245118041401,-0.164211469320834,0.269249550132204
7.73,0.264662615539798,-0.162556650362625,0.269543616135472
7.74,0.265077816599795,-0.16090123427299,0.269837779717745
7.75,0.265490750169623,-0.15924522727266,0.270132040766981
7.76,0.265901442184327,-0.157588635026022,0.270426399189415
7.77,0.266309919910507,-0.155931463634483,0.270720854888521
7.78,0.266716212323851,-0.154273719705507,0.271015407764658
7.79,0.267120349238847,-0.152615410153794,0.271310057718997
7.8,0.267522363791982,-0.150956542764044,0.27160480464401
7.81,0.267922291824548,-0.149297126054796,0.271899648426471
7.82,0.268320171295213,-0.147637169152011,0.272194588949771
7.83,0.268716042628946,-0.145976681877691,0.27248962609448
7.84,0.269109947727021,-0.144315674529323,0.272784759741882
7.85,0.269501929444466,-0.142654157762997,0.273079989775416
7.86,0.269892030560938,-0.140992142374767,0.273375316086668
7.87,0.270280293171225,-0.139329639161787,0.273670738577074
7.88,0.270666758371144,-0.137666658841094,0.273966257157107
7.89,0.271051465055819,-0.136003211784692,0.274261871751415
7.9,0.271434448990314,-0.134339307810404,0.274557582301905
7.91,0.271815743269797,-0.132674956270581,0.274853388764126
7.92,0.272195377896963,-0.13101016595119,0.275149291108018
7.93,0.272573378644066,-0.129344944812486,0.275445289321285
7.94,0.272949767496323,-0.127679300080587,0.275741383407118
7.95,0.273324563207649,-0.126013238359907,0.276037573380819
7.96,0.273697780705911,-0.124346765493507,0.276333859271551
7.97,0.274069431280248,-0.122679886600402,0.276630241121525
7.98,0.274439523271079,-0.121012606220921,0.276926718982485
7.99,0.27480806210695,-0.119344928318589,0.277223292915276
8,0.275175050673297,-0.117676856359213,0.277519962989267
8.01,0.27554048976558,-0.116008393411148,0.277816729280979
8.02,0.275904377946803,-0.114339542100734,0.2781135918719
8.03,0.276266712096576,-0.112670304735345,0.278410550847945
8.04,0.276627488117131,-0.111000683464838,0.278707606298614
8.05,0.27698670093756,-0.109330680282505,0.279004758316982
8.06,0.277344344608051,-0.10766029703998,0.279302006998196
8.07,0.277700411850561,-0.105989535329491,0.279599352438155
8.08,0.278054894845352,-0.104318396673858,0.279896794734107
8.09,0.278407785541018,-0.102646882599924,0.280194333984426
8.1,0.27875907564604,-0.100974994636508,0.280491970288626
8.11,0.279108756033561,-0.0993027341655662,0.280789703747225
8.12,0.279456816829323,-0.0976301024322226,0.281087534459674
8.13,0.279803247758837,-0.095957100636062,0.281385462526198
8.14,0.280148038002124,-0.0942837298978552,0.281683488048521
8.15,0.280491176143453,-0.0926099912469828,0.281981611129959
8.16,0.280832649905634,-0.0909358855434082,0.28227983187396
8.17,0.281172446562835,-0.0892614135692996,0.282578150381944
8.18,0.281510552565808,-0.0875865759494747,0.282876566757084
8.19,0.281846953463652,-0.0859113731332291,0.283175081104742
8.2,0.282181633908577,-0.0842358053947872,0.283473693532399
8.21,0.282514577877075,-0.0825598728650492,0.283772404146776
8.22,0.282845768767185,-0.0808835755520216,0.284071213052631
8.23,0.283175189167063,-0.0792069132930917,0.284370120356199
8.24,0.283502820843592,-0.0775298857502325,0.284669126165394
8.25,0.283828644800917,-0.0758524924213822,0.28496823059343
8.26,0.284152642816466,-0.0741747333002153,0.285267489340874
8.27,0.284474808223292,-0.0724966147441754,0.285566955679141
8.28,0.284795156379796,-0.0708181550713828,0.285866629571208
8.29,0.285113723967194,-0.0691393841414258,0.286166510880436
8.3,0.285430566423013,-0.0674603419509254,0.286466599388196
8.31,0.285745754952929,-0.0657810770338245,0.286766894812373
8.32,0.286059372725152,-0.0641016444179876,0.287067396832474
8.33,0.286371510111353,-0.0624221030362229,0.287368105125214
8.34,0.286682262596892,-0.0607425146260659,0.287669019368616
8.35,0.286991725794407,-0.0590629410256981,0.287970139270222
8.36,0.287299992158553,-0.0573834423988517,0.288271464579791
8.37,0.287607150120301,-0.0557040767647521,0.288572995086483
8.38,0.287913279290237,-0.0540248974007692,0.288874730633529
8.39,0.288218451008451,-0.0523459531297262,0.289176671109968
8.4,0.28852272665853,-0.0506672873979246,0.289478816449237
8.41,0.288826156707921,-0.0489889377523217,0.289781166626914
8.42,0.28912878196035,-0.0473109364946893,0.290083721652094
8.43,0.289430633017435,-0.0456333103934931,0.290386481563948
8.44,0.289731731578186,-0.0439560813688503,0.290689446425942
8.45,0.290032091542266,-0.0422792670738916,0.290992616320097
8.46,0.29033172040315,-0.0406028816630472,0.291295991342933
8.47,0.290630620344898,-0.0389269363596177,0.291599571601584
8.48,0.290928788378832,-0.0372514394973332,0.291903357210835
8.49,0.291226220020084,-0.0355763985568803,0.292207348287702
8.5,0.291522909688638,-0.0339018203854878,0.292511544950788
8.51,0.291818850785749,-0.0322277111838272,0.2928159473176
8.52,0.292114036089839,-0.0305540767192656,0.293120555502827
8.53,0.29240846015753,-0.0288809236609388,0.293425369616571
8.54,0.292702119298712,-0.0272082595544366,0.293730389764054
8.55,0.292995010419595,-0.02553609216348,0.294035616045218
8.56,0.293287132325502,-0.0238644301948418,0.294341048554498
8.57,0.293578485760903,-0.0221932833203422,0.294646687382009
8.58,0.293869072526747,-0.0205226616747805,0.294952532612671
8.59,0.29415889553556,-0.0188525758875007,0.295258584327091
8.6,0.294447958568696,-0.0171830369595919,0.29556484260469
8.61,0.294736265563592,-0.0155140558675279,0.2958713075243
8.62,0.295023821023574,-0.0138456437429335,0.296177979158103
8.63,0.295310628929391,-0.0121778113114562,0.296484857578695
8.64,0.295596692265254,-0.0105105686451856,0.296791942861557
8.65,0.295882012976764,-0.00884392513509,0.297099235084706
8.66,0.296166591995423,-0.00717788944761899,0.297406734322814
8.67,0.296450429332772,-0.00551246959203132,0.297714440648468
8.68,0.296733523173877,-0.00384767245114905,0.298022354137277
8.69,0.297015869807498,-0.00218350374135059,0.298330474867916
8.7,0.297297464329789,-0.000519968365977345,0.29863880291767
8.71,0.297578300627037,0.00114292960565778,0.298947338360718
8.72,0.297858371085191,0.00280518706673098,0.299256081272661
8.73,0.298137666720058,0.00446680180100727,0.299565031730611
8.74,0.298416177637347,0.00612777225710408,0.299874189809518
8.75,0.29869389293781,0.00778809761912273,0.30018355558005
8.76,0.298970801058949,0.00944777757849413,0.300493129112994
8.77,0.299246889854532,0.0111068122864991,0.30080291047962
8.78,0.299522147079132,0.0127652020614255,0.301112899752572
8.79,0.299796559686984,0.014422947924126,0.301423096994715
8.8,0.300070114145252,0.0160800513674446,0.301733502263783
8.81,0.300342797167527,0.0177365138657831,0.302044115618035
8.82,0.300614595713834,0.019392336875106,0.302354937116244
8.83,0.300885496990622,0.0210475218329356,0.302665966817707
8.84,0.301155488377886,0.0227020702137282,0.302977204781286
8.85,0.301424556833532,0.0243559840099693,0.303288651055013
8.86,0.301692689437071,0.0260092653336756,0.303600305682049
8.87,0.301959873482036,0.0276619163025438,0.303912168706026
8.88,0.302226096430328,0.029313939071236,0.304224240170768
8.89,0.302491345896743,0.0309653358390021,0.304536520120372
8.9,0.302755609306117,0.0326161090740307,0.304849008596622
8.91,0.303018874230118,0.0342662614287319,0.30516170563069
8.92,0.30328112827667,0.0359157956771254,0.305474611252752
8.93,0.303542358960218,0.0375647147590885,0.305787725494196
8.94,0.30380255370172,0.0392130217803546,0.306101048387627
8.95,0.304061699832212,0.0408607200151668,0.306414579966513
8.96,0.304319784691541,0.0425078129701628,0.306728320256157
8.97,0.304576795586784,0.0441543043324848,0.30704226927946
8.98,0.304832719762784,0.0458001979498731,0.307356427059475
8.99,0.305087544432479,0.0474454978364902,0.307670793617658
9,0.305341256794678,0.0490902081627213,0.307985368949496
9.01,0.30559384475195,0.0507343326350436,0.308300261387105
9.02,0.305845303158857,0.0523778669969767,0.308615585325695
9.03,0.306095639619248,0.0540207920162325,0.308931340737289
9.04,0.306344875166433,0.0556630729242222,0.309247527537342
9.05,0.306593041849232,0.0573046622522721,0.309564145604948
9.06,0.306840181074477,0.0589455017844248,0.30988119479824
9.07,0.307086341469556,0.0605855250705977,0.310198674965918
9.08,0.307331577423841,0.0622246591424069,0.310516585949464
9.09,0.307575945098179,0.0638628291973209,0.310834927609143
9.1,0.307819501328487,0.0654999598888031,0.311153699822563
9.11,0.308062302955366,0.0671359761237315,0.311472902481208
9.12,0.308304402763794,0.0687708078176872,0.311792535505843
9.13,0.308545849418385,0.0704043899768405,0.312112598841098
9.14,0.308786687531198,0.0720366626319253,0.312433092447949
9.15,0.309026955324471,0.0736675735645642,0.31275401630792
9.16,0.309266685420367,0.0752970773933766,0.313075370416649
9.17,0.309505904871078,0.0769251355419035,0.313397154779585
9.18,0.309744634822727,0.0785517166124308,0.313719369412025
9.19,0.309982891579966,0.0801767951624872,0.314042014333498
9.2,0.310220687061645,0.0818003511581077,0.314365089566317
9.21,0.310458029563709,0.0834223690465888,0.314688595137375
9.22,0.310694924440514,0.0850428369952602,0.315012531073256
9.23,0.310931374185517,0.0866617468256996,0.315336897396252
9.24,0.311167380601651,0.0882790913748369,0.315661694131197
9.25,0.311402944992915,0.0898948642649688,0.315986921305861
9.26,0.311638068296609,0.0915090598182813,0.316312578944941
9.27,0.311872751080604,0.0931216730714165,0.316638667066996
9.28,0.312106995059264,0.0947326979151978,0.316965185692416
9.29,0.312340803301266,0.096342126855634,0.317292134843443
9.3,0.312574179334343,0.0979499521198328,0.317619514537823
9.31,0.312807127722178,0.0995561649502978,0.317947324791031
9.32,0.313039654370751,0.101160755213522,0.318275565621266
9.33,0.313271766024971,0.102763712016139,0.318604237046298
9.34,0.313503470093754,0.104365023937806,0.31893333907878
9.35,0.31373477455625,0.10596467908864,0.319262871733985
9.36,0.313965687742802,0.107562665355314,0.319592835031379
9.37,0.314196218003955,0.109158970846188,0.319923228987092
9.38,0.314426373949804,0.110753583638968,0.320254053610129
9.39,0.314656163603593,0.112346492674869,0.320585308913744
9.4,0.314885594329391,0.113937687837531,0.320916994916114
9.41,0.315114672801055,0.115527160010827,0.321249111637927
9.42,0.315343405248711,0.117114900903011,0.321581659088927
9.43,0.315571797258844,0.118700903190658,0.321914637276832
9.44,0.315799853322179,0.120285160997009,0.322248046213039
9.45,0.316027576831427,0.121867669895007,0.322581885912579
9.46,0.316254970567886,0.123448426391156,0.322916156387812
9.47,0.3164820367512,0.125027427916546,0.323250857641348
9.48,0.316708776815909,0.126604672982832,0.32358598967741
9.49,0.316935191516807,0.128180161045184,0.323921552503414
9.5,0.317161281099527,0.129753892298255,0.324257546129909
9.51,0.31738704545056,0.131325867623341,0.324593970556953
9.52,0.317612483960601,0.1328960887064,0.324930825777981
9.53,0.317837595889211,0.13446455749241,0.325268111790887
9.54,0.318062380372611,0.136031276174758,0.325605828598155
9.55,0.318286836445997,0.137596247176262,0.325943976206206
9.56,0.318510963081979,0.139159473244945,0.326282554611538
9.57,0.318734759036798,0.14072095761263,0.326621563801141
9.58,0.318958223169133,0.142280703480411,0.326961003766139
9.59,0.319181354482326,0.143838713963871,0.327300874502375
9.6,0.319404152111829,0.145394992110663,0.327641176010154
9.61,0.319626615063501,0.146949541318099,0.327981908283218
9.62,0.319848742326267,0.148502365219304,0.328323071305065
9.63,0.320070532953469,0.150053467450393,0.328664665062681
9.64,0.320291986027472,0.151602851684578,0.32900668954746
9.65,0.320513100637953,0.153150521656249,0.329349144755233
9.66,0.320733875757515,0.154696481403933,0.329692030675885
9.67,0.320954310387006,0.156240735159743,0.330035347287063
9.68,0.321174403445261,0.157783287304381,0.330379094570236
9.69,0.321394153744754,0.159324142380874,0.330723272512018
9.7,0.321613559991594,0.160863305094578,0.33106788110417
9.71,0.321832620812105,0.162400780378727,0.331412920334437
9.72,0.322051334773481,0.163936573427575,0.331758390179716
9.73,0.322269700338076,0.165470689582746,0.332104290622483
9.74,0.322487715883628,0.167003134365856,0.332450621645034
9.75,0.322705379716597,0.168533913466618,0.332797383212588
9.76,0.322922690653302,0.170063031900473,0.3331448036523
9.77,0.323139653373115,0.171590480297041,0.333493115421024
9.78,0.323356283609688,0.173116221552456,0.333842318458453
9.79,0.32357260783307,0.17464019222087,0.334192412676122
9.8,0.323788662095673,0.17616230536032,0.334543397974926
9.81,0.324004490440683,0.177682454452504,0.334895274248181
9.82,0.32422014270946,0.179200518797036,0.335248041410269
9.83,0.324435672952301,0.180716367424187,0.335601699403132
9.84,0.324651137671272,0.182229863420168,0.335956248200848
9.85,0.324866593189855,0.183740870391431,0.336311687826783
9.86,0.3250820952855,0.18524925337887,0.336668018340226
9.87,0.325297696816967,0.186754884685812,0.337025239838886
9.88,0.325513446962507,0.188257645753691,0.337383352451347
9.89,0.32572939085965,0.189757428054939,0.337742356324525
9.9,0.325945568332462,0.191254136209516,0.338102251617634
9.91,0.326162014439662,0.192747686652924,0.338463038491723
9.92,0.326378758991951,0.194238008806443,0.338824717103368
9.93,0.326595826963312,0.195725044071672,0.339187287600002
9.94,0.326813238988833,0.19720874461176,0.339550750114787
9.95,0.327031011798545,0.198689072254209,0.339915104770484
9.96,0.327249158759814,0.200165997190029,0.340280351673567
9.97,0.327467690541652,0.201639496331127,0.340646490915653
9.98,0.327686616121695,0.20310955078586,0.341013522585916
9.99,0.327905943127285,0.204576145052365,0.341381446767203
10,0.328125677869784,0.206039266968914,0.341750263526925
10.01,0.328345826783635,0.207498904104282,0.342119972937637
10.02,0.328566396699529,0.208955043085953,0.342490575079087
10.03,0.328787394361119,0.210407670846224,0.342862070023218
10.04,0.329008827204265,0.211856772662084,0.343234457846138
10.05,0.329230703645782,0.213302331430245,0.343607738634934
10.06,0.329453032642189,0.214744328789777,0.343981912474976
10.07,0.329675823898609,0.21618274458607,0.344356979456554
10.08,0.329899087873532,0.21761755684052,0.344732939681355
10.09,0.330122835423003,0.219048742666478,0.345109793248955
10.1,0.330347077726273,0.220476278436848,0.345487540259888
10.11,0.33057182608007,0.221900140255142,0.345866180824798
10.12,0.330797091587205,0.223320304731209,0.346245715058964
10.13,0.33102288546538,0.224736748332868,0.346626143059769
10.14,0.331249218388393,0.226149448891005,0.34700746492634
10.15,0.331476100270741,0.227558386097583,0.34738968076462
10.16,0.331703540267093,0.228963541512987,0.347772790686251
10.17,0.331931546891193,0.230364898393147,0.348156794785404
10.18,0.332160128013296,0.231762441666462,0.348541693141125
10.19,0.332389290512148,0.233156158699688,0.348927485834034
10.2,0.332619040246828,0.234546039369415,0.349314172946076
10.21,0.332849382352019,0.235932075388239,0.349701754551117
10.22,0.333080321266798,0.237314260275483,0.350090230703344
10.23,0.33331186066671,0.238692589432911,0.350479601456346
10.24,0.333544003532073,0.240067059965992,0.350869866866231
10.25,0.333776752333648,0.241437670258812,0.351261026985679
10.26,0.334010108948102,0.242804420270258,0.351653081843244
10.27,0.334244074869587,0.244167310899586,0.352046031467619
10.28,0.334478651325443,0.245526343673245,0.352439875894243
10.29,0.334713839294337,0.24688152070932,0.352834615163851
10.3,0.334949639472751,0.248232844916308,0.353230249298878
10.31,0.335186052271292,0.249580319961867,0.353626778308675
10.32,0.335423078074556,0.250923949539996,0.354024202210731
10.33,0.335660717258008,0.252263737327371,0.354422521031342
10.34,0.335898970083834,0.253599687290272,0.354821734795459
10.35,0.336137836591573,0.254931804040885,0.355221843505976
10.36,0.336377316789796,0.256260092246097,0.355622847168531
10.37,0.336617410653769,0.257584556614579,0.356024745796578
10.38,0.336858118086886,0.258905202003352,0.356427539408756
10.39,0.337099438812296,0.26022203379031,0.356831228005048
10.4,0.337341372452788,0.261535057616314,0.357235811578577
10.41,0.337583918510112,0.262844279366138,0.357641290130239
10.42,0.33782707636178,0.264149705174957,0.35804766366895
10.43,0.338070845206809,0.265451341612129,0.358454932201133
10.44,0.338315224086919,0.266749195759748,0.358863095704992
10.45,0.338560211887362,0.268043275045269,0.359272154160908
10.46,0.338805807320928,0.26933358724312,0.359682107558294
10.47,0.339052008927954,0.270620140474694,0.360092955895599
10.48,0.339298815087452,0.271902943280973,0.360504699162361
10.49,0.339546224033651,0.273182004628517,0.36091733733029
10.5,0.339794233853146,0.274457333778561,0.361330870389993
10.51,0.340042842914046,0.275728939606836,0.36174577578361
10.52,0.340292057710681,0.276996801988476,0.362162526850607
10.53,0.340541900421172,0.278260844225356,0.36258112350321
10.54,0.340792408126001,0.279520936602822,0.363001565648568
10.55,0.341043630913625,0.280776903125161,0.363423853204673
10.56,0.341295629945437,0.282028528391971,0.363847986126655
10.57,0.341548474427022,0.283275568358824,0.364273964469717
10.58,0.341802239192949,0.284517758918207,0.364701788420849
10.59,0.342057002238837,0.285754824667202,0.365131458307006
10.6,0.342312841640447,0.28698648985095,0.365562974618952
10.61,0.342569834233246,0.288212483057172,0.365996337984287
10.62,0.342828052711217,0.28943254751924,0.36643154915089
10.63,0.343087565124613,0.290646442907228,0.366868608949477
10.64,0.343348432984924,0.291853952056816,0.367307518253302
10.65,0.343610711221195,0.29305488113256,0.367748277945374
10.66,0.343874447416197,0.294249062338744,0.368190888880005
10.67,0.344139682156382,0.29543635268484,0.368635351862294
10.68,0.344406449243851,0.296616633230928,0.369081667628324
10.69,0.344674776239134,0.297789807164487,0.369529836838315
10.7,0.344944685276392,0.298955796911553,0.369979860073865
10.71,0.345216193984037,0.300114540855006,0.370431737851749
10.72,0.345489316065692,0.301265991292958,0.370885470618962
10.73,0.345764062578298,0.302410109886636,0.371341058777751
10.74,0.346040442876091,0.303546864302299,0.371798502706368
10.75,0.346318464707116,0.304676227893824,0.372257802744039
10.76,0.346598135649521,0.305798174579918,0.372718959230942
10.77,0.346879463530149,0.306912677360262,0.373181972516687
10.78,0.347162456313179,0.308019708728677,0.373646842944747
10.79,0.347447123053563,0.309119237268658,0.37411357088744
10.8,0.347733473685605,0.310211228416829,0.374582156733469
10.81,0.348021519089569,0.311295644228215,0.375052600888994
10.82,0.3483112712527,0.312372442795696,0.375524903794041
10.83,0.348602742880885,0.313441579648713,0.375999065897658
10.84,0.348895947324018,0.31450300800834,0.376475087669901
10.85,0.349190898330753,0.315556679654698,0.37695296960456
10.86,0.349487609840014,0.31660254569761,0.377432712188446
10.87,0.349786095611365,0.317640557870693,0.377914315912937
10.88,0.350086368920677,0.318670669599018,0.37839778128097
10.89,0.350388442417011,0.319692836537303,0.37888310878109
10.9,0.350692328247397,0.320707016152169,0.379370298871026
10.91,0.350998037336851,0.321713170230398,0.379859351997663
10.92,0.351305579285689,0.322711265239251,0.38035026859806
10.93,0.351614962657255,0.323701271348345,0.380843049077312
10.94,0.351926194956944,0.324683162514684,0.381337693795864
10.95,0.352239282349625,0.325656917443759,0.381834203094629
10.96,0.352554229758809,0.326622519243377,0.382332577294395
10.97,0.352871041074246,0.327579954724929,0.382832816669829
10.98,0.353189719140314,0.328529214421952,0.383334921464432
10.99,0.353510265870842,0.329470292159161,0.383838891911198
11,0.353832682392249,0.330403184560902,0.384344728224889
11.01,0.35415696902208,0.331327891170971,0.384852430568404
11.02,0.354483125526672,0.332244413487429,0.385361999093362
11.03,0.354811151277809,0.333152754392124,0.385873433954499
11.04,0.355141045255431,0.33405291816639,0.386386735294229
11.05,0.355472805937109,0.33494491092642,0.386901903208036
11.06,0.355806431623219,0.335828739411191,0.387418937790916
11.07,0.356141920548076,0.336704410576629,0.387937839149103
11.08,0.356479270754399,0.337571932071342,0.388458607378625
11.09,0.35681848001013,0.338431312563487,0.388981242538242
11.1,0.357159546032772,0.339282560892485,0.389505744691259
11.11,0.357502466493879,0.340125686048916,0.39003211391064
11.12,0.357847238877966,0.340960697712785,0.390560350249616
11.13,0.358193860498653,0.341787606202831,0.391090453734452
11.14,0.358542328557664,0.342606422222677,0.391622424398653
11.15,0.358892640127106,0.343417156922847,0.392156262283741
11.16,0.359244792042343,0.344219822332127,0.392691967402827
11.17,0.359598780934278,0.345014431241587,0.393229539739726
11.18,0.359954603236396,0.345800997124914,0.39376897928578
11.19,0.360312255180715,0.346579534150125,0.394310286041616
11.2,0.360671732761254,0.347350057347225,0.394853459993813
11.21,0.361033031705801,0.348112582771173,0.395398501074705
11.22,0.361396147536255,0.348867127194551,0.395945409218427
11.23,0.361761075575564,0.349613708066599,0.396494184370914
11.24,0.362127810945696,0.350352343528113,0.397044826485623
11.25,0.362496348552123,0.351083052557219,0.397597335514666
11.26,0.362866682533244,0.351805866542023,0.398152750488208
11.27,0.363238822308604,0.352520856930977,0.398712080228051
11.28,0.363612807399221,0.353228160963652,0.399275323042635
11.29,0.363988705029526,0.353927988300253,0.399842476357262
11.3,0.364366606397327,0.354620611278057,0.400413536869205
11.31,0.364746622681751,0.355306354436661,0.400988500766805
11.32,0.365128880930784,0.355985583848427,0.401567363889294
11.33,0.365513517390122,0.356658689599176,0.402150122088049
11.34,0.365900674829602,0.35732607895653,0.402736771250685
11.35,0.366290496381483,0.35798816024507,0.403327307540316
11.36,0.366683121786238,0.358645333069862,0.403921727488586
11.37,0.367078684635952,0.359297981168763,0.404520028008852
11.38,0.367477308718554,0.359946462855761,0.405122206455231
11.39,0.367879106747048,0.360591107725926,0.405728260581551
11.4,0.368284178570568,0.361232211968337,0.406338188525525
11.41,0.368692611084133,0.361870038128183,0.406951988750118
11.42,0.369104477921527,0.362504814266527,0.407569660005
11.43,0.369519840427332,0.363136736487871,0.408191201268187
11.44,0.369938748471657,0.36376597098404,0.408816611710735
11.45,0.370361241807475,0.364392657608543,0.409445890648046
11.46,0.370787351991476,0.365016914728706,0.410079037515181
11.47,0.371217103529375,0.365638842264403,0.410716051834275
11.48,0.371650515786326,0.36625852659176,0.411356933188304
11.49,0.372087605123563,0.366876045973707,0.412001681214606
11.5,0.372528385106657,0.367491471224857,0.412650295572775
11.51,0.372972868887374,0.368104871732257,0.413302775943924
11.52,0.373421070007034,0.368716317525964,0.413959122024774
11.53,0.373873002460079,0.369325879503022,0.414619333506069
11.54,0.374328682224631,0.369933633242382,0.415283410090435
11.55,0.374788126808466,0.370539657906885,0.415951351473503
11.56,0.375251355665939,0.371144037238744,0.416623157355112
11.57,0.375718390161487,0.371746859422329,0.417298827449761
11.58,0.376189253035856,0.372348215785463,0.41797836146345
11.59,0.37666396828127,0.372948200293716,0.418661759136335
11.6,0.377142560603415,0.37354690822567,0.419349020229243
11.61,0.377625055083394,0.374144435415469,0.420040144493847
11.62,0.378111476372153,0.37474087586581,0.420735131737579
11.63,0.37860184836511,0.375336320932686,0.421433981819628
11.64,0.379096194057253,0.375930859271406,0.422136694582425
11.65,0.379594534924043,0.376524574952,0.422843269901539
11.66,0.380096890264095,0.377117545604916,0.423553707717223
11.67,0.380603277483528,0.377709843391942,0.424268007987445
11.68,0.381113712016414,0.378301534853767,0.424986170665897
11.69,0.381628206842653,0.378892679405514,0.425708195754506
11.7,0.382146772703486,0.379483330002512,0.426434083280222
11.71,0.382669418255279,0.380073533662012,0.427163833259376
11.72,0.383196150056738,0.380663331209967,0.427897445744222
11.73,0.383726972782959,0.38125275787063,0.428634920815805
11.74,0.384261889322946,0.381841843767714,0.429376258525932
11.75,0.384800901128149,0.382430614562058,0.43012145894873
11.76,0.385344008476269,0.383019092014002,0.43087052220406
11.77,0.385891210613514,0.383607294569043,0.43162344841491
11.78,0.386442505245709,0.384195236525036,0.432380237626933
11.79,0.386997889671374,0.384782930233407,0.433140889923676
11.8,0.387557360941514,0.385370386421449,0.433905405440644
11.81,0.388120915823815,0.385957614160543,0.434673784357576
11.82,0.38868855028914,0.386544620304781,0.435446026786333
11.83,0.389260259841471,0.387131409979378,0.4362221328089
11.84,0.389836039987093,0.387717987414983,0.437002102550477
11.85,0.390415886216341,0.388304355937141,0.43778593617698
11.86,0.390999793608402,0.388890517299895,0.438573633833487
11.87,0.391587756864314,0.389476471879471,0.439365195615463
11.88,0.392179770556137,0.390062218883875,0.440160621652595
11.89,0.39277582911263,0.390647756283607,0.440959912116349
11.9,0.393375926585175,0.391233080436349,0.441763067181157
11.91,0.393980056550869,0.391818186324409,0.442570086936273
11.92,0.394588212273562,0.39240306734322,0.443380971493804
11.93,0.39520038669316,0.392987715143199,0.444195721011862
11.94,0.395816572409994,0.393572119624789,0.445014335690261
11.95,0.396436761484192,0.394156269062913,0.445836815672579
11.96,0.397060945512665,0.394740150237692,0.446663161043729
11.97,0.397689115738107,0.395323748170297,0.44749337192801
11.98,0.398321263044803,0.395907046096576,0.448327448493636
11.99,0.39895737793304,0.39649002562906,0.449165390916519
12,0.399597450493281,0.397072667157664,0.450007199304481
12.01,0.400241471440406,0.397654953117221,0.450852571830658
12.02,0.400889427628486,0.398236908326654,0.451701203379237
12.03,0.401541297686411,0.398818638805569,0.452553093250162
12.04,0.402197053510139,0.399400329044085,0.453408240172659
12.05,0.402856661033575,0.399982233153514,0.454266642439756
12.06,0.403520081315065,0.400564662081901,0.455128298078824
12.07,0.40418727166461,0.401147970413027,0.455993205035765
12.08,0.404858186785984,0.401732542718005,0.456861361315758
12.09,0.405532780146136,0.402318777460829,0.45773276515887
12.1,0.406211004763504,0.402907077433011,0.458607415078499
12.11,0.406892814604412,0.403497833332224,0.459485309966968
12.12,0.407578165014701,0.404091418450507,0.460366449060468
12.13,0.408267013711593,0.404688177015855,0.461250831946722
12.14,0.40895932102051,0.405288421301001,0.462138458505911
12.15,0.409655050379119,0.405892425767228,0.463029328864698
12.16,0.410354168311723,0.406500427353883,0.463923443332893
12.17,0.411056644551911,0.407112624229351,0.46482080235313
12.18,0.411762451793425,0.407729178747988,0.465721406452072
12.19,0.412471565519537,0.408350219835656,0.466625256208376
12.2,0.413183963671291,0.408975846809983,0.467532352220884
12.21,0.413899626228862,0.409606134910512,0.468442695099339
12.22,0.414618534893429,0.410241139044432,0.469356285451087
12.23,0.415340672692583,0.410880898638844,0.470273123870548
12.24,0.416066023483908,0.411525444129722,0.47119321095602
12.25,0.416794571844769,0.412174797939729,0.472116547286246
12.26,0.417526302581265,0.412828980964739,0.473043133440983
12.27,0.41826120055986,0.413488014647256,0.473972970000683
12.28,0.418999250614415,0.414151922046184,0.474906057535083
12.29,0.419740437279148,0.414820731570332,0.475842396628221
12.3,0.420484744864823,0.415494475791052,0.476781987856701
12.31,0.421232157359271,0.416173193122123,0.477724831811376
12.32,0.42198265848758,0.41685692702965,0.478670929090573
12.33,0.422736231790673,0.417545725094511,0.479620280292572
12.34,0.423492860716734,0.41823963846084,0.480572886043071
12.35,0.424252528692703,0.418938720407151,0.481528746960404
12.36,0.425015219280557,0.419643024868838,0.482487863667553
12.37,0.42578091635892,0.42035260480476,0.483450236816093
12.38,0.426549604121139,0.421067511428166,0.484415867043678
12.39,0.427321267206256,0.421787792932391,0.485384754977665
12.4,0.42809589092901,0.422513492359891,0.486356901260975
12.41,0.428873461193052,0.423244648002857,0.487332306518384
12.42,0.429653964549776,0.42398129273454,0.488310971347904
12.43,0.430437388387284,0.424723452437019,0.489292896349997
12.44,0.431223720816278,0.425471146836087,0.490278082101106
12.45,0.432012950650534,0.426224389598919,0.491266529138286
12.46,0.432805067508656,0.426983187854777,0.492258237994219
12.47,0.433600061715694,0.427747542979263,0.49325320917859
12.48,0.434397924228409,0.428517451008247,0.494251443148384
12.49,0.435198646664316,0.429292903269391,0.495252940355866
12.5,0.43600222125625,0.430073886929145,0.496257701250846
12.51,0.436808640727713,0.430860385269326,0.497265726222033
12.52,0.437617898294088,0.431652378474528,0.498277015631359
12.53,0.438429987628165,0.432449844821515,0.499291569853019
12.54,0.439244902817715,0.43325276075358,0.500309389256753
12.55,0.440062638285521,0.434061100440391,0.501330474141727
12.56,0.440883188798909,0.434874837056094,0.502354824797657
12.57,0.441706549445909,0.435693943548444,0.503382441531438
12.58,0.442532715618636,0.43651839216911,0.504413324639305
12.59,0.443361682968456,0.4373481540126,0.505447474355639
12.6,0.444193447434712,0.43818320003407,0.506484890917358
12.61,0.445028005254931,0.439023501088377,0.507525574575644
12.62,0.445865352932579,0.439869027337334,0.50856952554999
12.63,0.446705487210227,0.44071974832911,0.509616744012789
12.64,0.447548405155851,0.441575633182271,0.510667230148945
12.65,0.448394104178103,0.442436650498136,0.511720984160565
12.66,0.44924258194394,0.443302767938476,0.512778006207376
12.67,0.450093836316819,0.44417395240523,0.513838296382817
12.68,0.450947865537683,0.445050169917199,0.514901854797613
12.69,0.451804668238237,0.445931385580239,0.515968681585031
12.7,0.452664243410529,0.446817563543835,0.517038776888478
12.71,0.453526590174292,0.447708666927317,0.518112140756281
12.72,0.45439170790592,0.448604657976768,0.51918877319976
12.73,0.45525959636755,0.449505498055722,0.520268674255846
12.74,0.456130255707891,0.450411147643864,0.521351843987545
12.75,0.457003686375935,0.451321566403696,0.5224382825043
12.76,0.457879891900245,0.452236719737843,0.523526216815236
12.77,0.458758851719096,0.453156545379971,0.524613868026757
12.78,0.459640494904092,0.45408092161804,0.525701235001113
12.79,0.460524706206741,0.455009677190779,0.526788315954208
12.8,0.461411331397576,0.455942597275455,0.527875108594714
12.81,0.462300184713042,0.456879431861748,0.528961610296924
12.82,0.463191055197472,0.457819902835956,0.530047818226178
12.83,0.464083715512233,0.45876371381976,0.531133729506153
12.84,0.464977930686862,0.459710559944996,0.532219341369858
12.85,0.465873462219411,0.460660132403362,0.533304651196251
12.86,0.466770079264667,0.461612130933561,0.534389656647631
12.87,0.467667560195806,0.462566265549828,0.535474355652033
12.88,0.468565699247692,0.463522263949226,0.536558746429179
12.89,0.469464308856521,0.464479874122339,0.537642827475819
12.9,0.470363221861758,0.46543886681679,0.538726597533511
12.91,0.47126229261476,0.466399036785501,0.539810055558929
12.92,0.472161396293661,0.467360202045227,0.540893200685203
12.93,0.473060428617475,0.468322203584445,0.541976032184965
12.94,0.47395930356706,0.469284902850084,0.543058549449407
12.95,0.474857951263853,0.470248179433597,0.544140751946083
12.96,0.475756316033489,0.471211928932071,0.545222639216343
12.97,0.476654353363672,0.472176059611593,0.54630421085359
12.98,0.477552026171856,0.473140488312144,0.547385466473067
12.99,0.478449303876029,0.474105139423662,0.548466405724462
13,0.47934616028033,0.475069942575798,0.549547028282474
13.01,0.480242568961573,0.476034827581505,0.550627333822833
13.02,0.481138503992161,0.476999725242626,0.55170732203353
13.03,0.482033938777353,0.477964566092305,0.552786992613817
13.04,0.482928843467816,0.478929277578789,0.553866345263182
13.05,0.483823186087136,0.479893785317595,0.554945379690164
13.06,0.484716931755924,0.480858012272698,0.556024095611153
13.07,0.485610042525795,0.48182187860489,0.557102492750424
13.08,0.486502478497544,0.482785302906804,0.558180570847183
13.09,0.487394197977338,0.48374820242526,0.559258329655423
13.1,0.488285158299636,0.484710493993212,0.560335768945439
13.11,0.489175316267031,0.48567209449398,0.561412888509417
13.12,0.490064629371957,0.486632922265806,0.56248968816023
13.13,0.490953056748296,0.487592898183549,0.563566167730445
13.14,0.491840559600595,0.488551946117298,0.564642327072871
13.15,0.492727100895773,0.489509992580934,0.565718166065104
13.16,0.493612647146339,0.490466968756557,0.56679368460098
13.17,0.494497168953127,0.491422811101736,0.567868882588183
13.18,0.495380640104094,0.492377460330667,0.568943759951456
13.19,0.496263037819282,0.493330861694918,0.570018316631766
13.2,0.497144343477207,0.494282965809239,0.571092552577596
13.21,0.498024542169777,0.495233728153785,0.572166467745737
13.22,0.498903622221644,0.496183108533532,0.573240062106218
13.23,0.499781575199909,0.497131071104505,0.574313335634095
13.24,0.50065839564181,0.498077584075647,0.57538628830688
13.25,0.501534080559671,0.499022619150821,0.576458920110276
13.26,0.502408629513505,0.499966151607611,0.577531231039766
13.27,0.503282043665789,0.500908159264704,0.57860322109192
13.28,0.504154325666319,0.501848622355194,0.579674890263834
13.29,0.505025479325758,0.502787523156129,0.580746238557329
13.3,0.505895510273528,0.503724846704703,0.58181726598647
13.31,0.506764424847592,0.504660579583137,0.582887972567632
13.32,0.507632229645578,0.505594709423842,0.583958358317466
13.33,0.508498931557632,0.506527224944862,0.585028423253131
13.34,0.509364538489018,0.507458116730048,0.586098167399484
13.35,0.510229059058059,0.508387376896422,0.587167590789264
13.36,0.511092502124958,0.509314998575527,0.588236693455334
13.37,0.511954876851725,0.510240975977173,0.589305475430389
13.38,0.512816193040188,0.511165304753043,0.590373936749363
13.39,0.513676461143104,0.512087982001731,0.591442077457041
13.4,0.514535692166973,0.51300900615615,0.592509897598363
13.41,0.515393897737151,0.513928377052909,0.593577397216042
13.42,0.516251090134073,0.514846095969817,0.594644576350629
13.43,0.517107282501704,0.515762165835721,0.595711435047778
13.44,0.51796248858047,0.516676590937425,0.596777973361164
13.45,0.518816722906797,0.517589377123538,0.597844191341337
13.46,0.519670000858502,0.518500531851649,0.598910089034862
13.47,0.52052233863951,0.51941006417002,0.599975666485058
13.48,0.521373753066085,0.520317984458675,0.601040923742227
13.49,0.522224261640078,0.521224304503975,0.602105860856615
13.5,0.523073882534336,0.522129037475429,0.603170477989503
13.51,0.523922630910674,0.523032192772802,0.604232929304535
13.52,0.524770498210532,0.523933755166471,0.605291295519125
13.53,0.525617432114366,0.524833664815594,0.60634557628932
13.54,0.526463336148775,0.525731815570414,0.607395771187652
13.55,0.527308074535523,0.526628060113905,0.608441879625663
13.56,0.528151479445777,0.527522217658977,0.609483900949418
13.57,0.528993358717876,0.528414082136712,0.610521834527931
13.58,0.529833502242173,0.529303428972202,0.611555679826342
13.59,0.530671693004043,0.530190026802921,0.612585436483836
13.6,0.531507710512213,0.531073641114601,0.613611104336673
13.61,0.532341340681695,0.531954044726669,0.614632683434424
13.62,0.533172379970929,0.532831022178437,0.615650174030131
13.63,0.534000639358422,0.533704373941898,0.616663576552864
13.64,0.534825948960085,0.534573921314491,0.617672891562024
13.65,0.535648158450724,0.535439506856058,0.618678119720656
13.66,0.536467139544841,0.536300997009405,0.619679261731244
13.67,0.537282784410216,0.537158280405294,0.620676318332298
13.68,0.538095005781935,0.538011267965891,0.621669290235057
13.69,0.538903734718771,0.538859890513204,0.622658178141976
13.7,0.539708918325339,0.539704096330561,0.623642982712159
13.71,0.54051051701999,0.540543848246787,0.624623704550837
13.72,0.541308503864646,0.541379122921292,0.625600344265985
13.73,0.542102858744343,0.542209904630862,0.626572902415888
13.74,0.542893566655653,0.543036183443809,0.627541379504651
13.75,0.543680617150227,0.543857954623589,0.628505776056
13.76,0.544464001232179,0.544675215312674,0.629466092587363
13.77,0.545243708086774,0.545487961041016,0.630422329591926
13.78,0.546019726424571,0.546296187150167,0.631374487580974
13.79,0.546792042394234,0.54709988655832,0.632322567075363
13.8,0.547560638513189,0.54789904861074,0.633266568591657
13.81,0.548325494829312,0.548693660308608,0.634206492677071
13.82,0.54908658804753,0.549483705361796,0.635142339880199
13.83,0.549843892188616,0.550269164880489,0.636074110753553
13.84,0.550597379412891,0.551050018243642,0.637001805885815
13.85,0.551347020530935,0.551826243620757,0.637925425852037
13.86,0.552092786013764,0.552597819037016,0.638844971208437
13.87,0.55283464585797,0.553364722232257,0.639760442575471
13.88,0.553572571374263,0.554126932532784,0.640671840555406
13.89,0.554306536005653,0.554884431711326,0.641579165697934
13.9,0.555036515498913,0.55563720416602,0.642482418527571
13.91,0.555762487697619,0.556385236694846,0.643381599624409
13.92,0.556484433677609,0.557128519680608,0.64427670953194
13.93,0.557202338518039,0.557867047899561,0.645167748727935
13.94,0.557916190553993,0.558600819724102,0.646054717670132
13.95,0.558625981124134,0.559329836847058,0.646937616837733
13.96,0.559331705151289,0.560054104878748,0.647816446654222
13.97,0.560033360850672,0.560773633030911,0.648691207485072
13.98,0.560730949165794,0.561488433515126,0.649561899711583
13.99,0.56142447369146,0.562198521446219,0.650428523702885
14,0.562113940170635,0.562903914293063,0.651291079765489
14.01,0.56279935621923,0.563604631583178,0.652149568158511
14.02,0.563480731261011,0.564300694830615,0.653003989182663
14.03,0.564158076097578,0.56499212706298,0.653854343122128
14.04,0.564831402128537,0.565678951980754,0.654700630204617
14.05,0.56550072136168,0.566361193966021,0.655542850613517
14.06,0.566166046843425,0.567038878535595,0.656381004578406
14.07,0.566827392112182,0.567712031747851,0.657215092326416
14.08,0.567484770596523,0.56838067955066,0.658045114032915
14.09,0.568138195712797,0.569044847883542,0.658871069829274
14.1,0.568787681515483,0.569704563363926,0.659692959887226
14.11,0.569433242233223,0.570359852784622,0.660510784385497
14.12,0.570074892072195,0.571010742893264,0.661324543452701
14.13,0.570712645317313,0.571657260497714,0.662134237170794
14.14,0.571346516761724,0.572299432918509,0.662939865661608
14.15,0.571976521489442,0.572937287749878,0.663741429067413
14.16,0.572602674880256,0.573570852853438,0.664538927475064
14.17,0.573224992626541,0.574200156375267,0.665332360912371
14.18,0.573843490958837,0.574825226979325,0.666121729386421
14.19,0.574458186625473,0.575446093824848,0.66690703302065
14.2,0.575069096821299,0.576062786476314,0.667688271904134
14.21,0.575676239218335,0.576675334932498,0.668465446057376
14.22,0.576279631965775,0.577283769626474,0.669238555432302
14.23,0.576879293699024,0.577888121432037,0.670007599967406
14.24,0.5774752435158,0.578488421624923,0.670772579701107
14.25,0.578067500887379,0.579084701789385,0.671533494609846
