0,-0.6,-0.68,0.1
0.01,-0.6,-0.679999983286883,0.0999999993185594
0.02,-0.6,-0.67999973561247,0.0999999892770181
0.03,-0.6,-0.679998681705576,0.0999999470156829
0.04,-0.6,-0.679995908562657,0.0999998376175933
0.05,-0.6,-0.679990222096915,0.0999996181546195
0.06,-0.6,-0.679980207840413,0.0999992417623897
0.07,-0.6,-0.679964301705075,0.0999986620285395
0.08,-0.6,-0.679940856722118,0.09999783637534
0.09,-0.6,-0.679908207537445,0.0999967287366349
0.1,-0.6,-0.679864730499118,0.0999953112008597
0.11,-0.6,-0.679808892606868,0.0999935646231508
0.12,-0.6,-0.679739292618883,0.0999914784859782
0.13,-0.6,-0.679654691872137,0.0999890501313269
0.14,-0.6,-0.679554033649171,0.0999862836085426
0.15,-0.6,-0.67943645248612,0.0999831884026128
0.16,-0.6,-0.679301275598324,0.0999797781536698
0.17,-0.6,-0.679148014896946,0.0999760694946028
0.18,-0.6,-0.678976353715105,0.0999720811366117
0.19,-0.6,-0.678786127110462,0.099967833056647
0.2,-0.6,-0.678577302919363,0.099963346025162
0.21,-0.6,-0.678349952368509,0.0999586410886369
0.22,-0.6,-0.678104233731519,0.099953739390678
0.23,-0.6,-0.677840360948092,0.0999486618850234
0.24,-0.6,-0.677558588485543,0.0999434292252329
0.25,-0.6,-0.677259188869422,0.0999380616249332
0.26,-0.6,-0.676942439372486,0.0999325787778783
0.27,-0.6,-0.676608607260699,0.0999269997774534
0.28,-0.6,-0.676257943269538,0.0999213430842304
0.29,-0.6,-0.675890674068196,0.0999156264955374
0.3,-0.6,-0.675507001361376,0.0999098671572951
0.31,-0.6,-0.675107101095144,0.0999040815813923
0.32,-0.6,-0.67469112686529,0.0998982856899314
0.33,-0.6,-0.674259213499994,0.0998924948569958
0.34,-0.6,-0.673811483041312,0.0998867239595615
0.35,-0.6,-0.673348051399558,0.099880987419588
0.36,-0.6,-0.672869033334937,0.0998752992317623
0.37,-0.6,-0.672374551478601,0.0998696729872243
0.38,-0.6,-0.671864739507335,0.0998641218743117
0.39,-0.6,-0.671339748977471,0.0998586586701022
0.4,-0.6,-0.670799753538775,0.0998532957247335
0.41,-0.6,-0.670244950642849,0.0998480449336475
0.42,-0.6,-0.669675565531575,0.0998429177101449
0.43,-0.6,-0.669091850290885,0.0998379249573496
0.44,-0.6,-0.668494085359365,0.0998330770407855
0.45,-0.6,-0.667882577457198,0.099828383767284
0.46,-0.6,-0.66725765831186,0.0998238543671674
0.47,-0.6,-0.66661968244215,0.0998194974823343
0.48,-0.6,-0.665969024244529,0.0998153211568088
0.49,-0.6,-0.665306074419201,0.0998113328389265
0.5,-0.6,-0.664631238403669,0.0998075393726809
0.51,-0.6,-0.663944932073224,0.0998039470058662
0.52,-0.6,-0.663247577859851,0.0998005613966008
0.53,-0.6,-0.662539604884518,0.0997973876121943
0.54,-0.6,-0.6618214449418,0.0997944301434019
0.55,-0.6,-0.661093529121002,0.0997916929085542
0.56,-0.6,-0.660356289172315,0.0997891792669817
0.57,-0.6,-0.65961015464864,0.0997868920316739
0.58,-0.6,-0.658855551515665,0.0997848334749662
0.59,-0.6,-0.658092903299955,0.0997830053541961
0.6,-0.6,-0.657322629504061,0.0997814089207407
0.61,-0.6,-0.65654514580535,0.0997800449322159
0.62,-0.6,-0.655760864919935,0.099778913684394
0.63,-0.6,-0.65497019624981,0.0997780150217255
0.64,-0.6,-0.65417354629485,0.0997773483476733
0.65,-0.6,-0.653371319285961,0.0997769126618308
0.66,-0.6,-0.652563917290625,0.0997767065762803
0.67,-0.6,-0.651751740882661,0.0997767283244906
0.68,-0.6,-0.650935189187126,0.0997769757837261
0.69,-0.6,-0.65011465957931,0.099777446505427
0.7,-0.6,-0.649290548227941,0.0997781377285884
0.71,-0.6,-0.648463250241312,0.0997790463884244
0.72,-0.6,-0.64763315887192,0.099780169141363
0.73,-0.6,-0.646800665432446,0.0997815023855111
0.74,-0.6,-0.645966159074574,0.0997830422708282
0.75,-0.6,-0.645130026429624,0.099784784711052
0.76,-0.599999991927708,-0.644292653404426,0.099787714400562
0.77,-0.599999872024938,-0.643454438051363,0.099792814702596
0.78,-0.599999356723502,-0.642615803374162,0.0998000766746677
0.79,-0.599997988455241,-0.641777197301769,0.0998094892327621
0.8,-0.599995156274982,-0.640939088735563,0.0998210397286486
0.81,-0.599990122288556,-0.64010196269846,0.0998347146421101
0.82,-0.599982051909791,-0.639266314803992,0.0998505003659958
0.83,-0.599970044881094,-0.638432645705294,0.0998683838357552
0.84,-0.599953165596431,-0.637601455658886,0.0998883530704524
0.85,-0.599930473581331,-0.636773239114644,0.0999103975003819
0.86,-0.599901047029142,-0.6359484805501,0.0999345080860718
0.87,-0.599864007201326,-0.635127650162462,0.0999606772781822
0.88,-0.59981853336858,-0.634311201240175,0.0999888988334565
0.89,-0.599763877206611,-0.633499567628475,0.100019167552172
0.9,-0.599699369936202,-0.632693162471807,0.10005147897062
0.91,-0.599624425629027,-0.63189237762375,0.100085829088104
0.92,-0.599538541385329,-0.631097583598701,0.100122214090437
0.93,-0.599441292697556,-0.630309130361588,0.100160630190505
0.94,-0.59933232719617,-0.629527348389085,0.100201073464542
0.95,-0.59921135658405,-0.628752550048473,0.100243539822916
0.96,-0.599078145042918,-0.627985031572545,0.100288024960382
0.97,-0.598932501361094,-0.627225074400349,0.100334524403133
0.98,-0.598774265266699,-0.626472947501216,0.100383033555405
0.99,-0.598603300273374,-0.625728908586544,0.100433547753845
1,-0.598419482775741,-0.624993205955688,0.100486062348042
1.01,-0.59822269447173,-0.624266079775188,0.100540572762488
1.02,-0.598012816855475,-0.62354776300192,0.100597074553147
1.03,-0.597789724958219,-0.622838482434829,0.100655563467153
1.04,-0.597553285372154,-0.622138459039906,0.100716035473646
1.05,-0.597303353070893,-0.621447908479523,0.100778486806187
1.06,-0.597039772189655,-0.620767040976943,0.100842913969569
1.07,-0.596762375468314,-0.620096061406298,0.100909313765359
1.08,-0.59647098683485,-0.619435168863582,0.100977683274986
1.09,-0.596165423246589,-0.618784556362092,0.101048019866886
1.1,-0.595845497246393,-0.61814441041824,0.101120321168286
1.11,-0.595511020609398,-0.617514910465084,0.101194585041283
1.12,-0.595161807601765,-0.616896228328731,0.10127080955799
1.13,-0.594797676692451,-0.616288527979799,0.101348992963205
1.14,-0.594418454897533,-0.615691964860228,0.101429133631839
1.15,-0.594023979678537,-0.615106685611812,0.101511230037356
1.16,-0.593614099535227,-0.614532828030791,0.10159528072698
1.17,-0.593188677656801,-0.613970520553767,0.101681284270747
1.18,-0.592747591156154,-0.613419882431207,0.101769239255352
1.19,-0.592290731776257,-0.612881023705616,0.101859144259685
1.2,-0.591818006653618,-0.61235404519202,0.101950997837445
1.21,-0.591329336889866,-0.611839038755651,0.102044798519192
1.22,-0.590824657296871,-0.611336087508813,0.10214054480834
1.23,-0.590303915290269,-0.610845266095595,0.102238235192413
1.24,-0.589767070167614,-0.6103666408142,0.102337868133353
1.25,-0.589214091012021,-0.609900270196038,0.10243944209942
1.26,-0.588644955376132,-0.609446205326576,0.102542955586713
1.27,-0.588059648829454,-0.609004489921384,0.102648407106001
1.28,-0.587458164260858,-0.608575160559144,0.10275579518515
1.29,-0.58684049844738,-0.608158247511251,0.102865118435502
1.3,-0.586206652084028,-0.607753774752675,0.10297637554679
1.31,-0.585556630805445,-0.607361759806112,0.103089565244933
1.32,-0.584890442832195,-0.606982214360564,0.103204686341534
1.33,-0.584208098217891,-0.606615144517158,0.103321737749578
1.34,-0.583509609910627,-0.606260550616398,0.103440718446545
1.35,-0.582794992881283,-0.605918427564746,0.103561627491863
1.36,-0.58206426366902,-0.605588765060641,0.103684464042394
1.37,-0.581317441288307,-0.605271547442892,0.103809227317802
1.38,-0.580554547028458,-0.604966753885699,0.103935916603454
1.39,-0.579775604299298,-0.60467435861799,0.104064531266152
1.4,-0.578980639206932,-0.604394330848277,0.104195070730328
1.41,-0.57816968073923,-0.604126634761037,0.104327534455317
1.42,-0.577342760784576,-0.603871229837472,0.104461921957593
1.43,-0.576499914226692,-0.603628070917069,0.104598232813081
1.44,-0.575641179282104,-0.603397108142135,0.104736466625957
1.45,-0.57476659744229,-0.603178286913908,0.104876623003181
1.46,-0.573876213377549,-0.6029715484221,0.105018701594923
1.47,-0.5729700749468,-0.602776829693829,0.105162702097936
1.48,-0.572048233183032,-0.602594063583182,0.105308624248458
1.49,-0.571110742137338,-0.602423178788072,0.105456467773085
1.5,-0.570157658629411,-0.602264100209337,0.105606232429241
1.51,-0.569189039192728,-0.60211675335826,0.105757464315135
1.52,-0.568204993205775,-0.601981046941323,0.105909712354043
1.53,-0.567205733902724,-0.601856856192869,0.106062972211444
1.54,-0.56619156800505,-0.601744029194201,0.106217237388245
1.55,-0.565162883796569,-0.601642390086519,0.106372499615132
1.56,-0.564120138980579,-0.601551742311574,0.106528749218529
1.57,-0.563063841530523,-0.601471873724423,0.106685975743052
1.58,-0.56199453645719,-0.601402560114659,0.106844168305369
1.59,-0.560912786613233,-0.601343570324175,0.107003316112621
1.6,-0.5598191598166,-0.601294669688921,0.107163408760556
1.61,-0.558714212715881,-0.601255624356425,0.107324436555037
1.62,-0.557598481521151,-0.601226203787213,0.107486390650272
1.63,-0.556472470666025,-0.601206183822742,0.107649263183993
1.64,-0.555336648141999,-0.601195347985009,0.107813047282364
1.65,-0.554191439312789,-0.60119348920249,0.107977737062309
1.66,-0.553037226852289,-0.60120040990425,0.108143327556469
1.67,-0.551874349422667,-0.601215922479617,0.108309814639546
1.68,-0.550703104841636,-0.601239848521706,0.108477194931606
1.69,-0.549523752916683,-0.601272018209463,0.108645465685971
1.7,-0.548336519708762,-0.601312269248403,0.108814624712179
1.71,-0.547141603695243,-0.601360445391887,0.108984670246728
1.72,-0.545939180263148,-0.60141639532986,0.109155600885739
1.73,-0.544729406995463,-0.601479971392175,0.109327415508981
1.74,-0.543512431001164,-0.601551027752466,0.109500113170274
1.75,-0.54228839022364,-0.601629420120016,0.109673693089722
1.76,-0.541057420587096,-0.601715003999139,0.109848154558849
1.77,-0.539819658146568,-0.601807634186031,0.110023496917243
1.78,-0.538575240675965,-0.601907164424399,0.110199719536246
1.79,-0.537324311350397,-0.602013446544659,0.110376821778734
1.8,-0.536067017594753,-0.602126330803752,0.11055480301369
1.81,-0.534803512884007,-0.602245665522953,0.110733662603115
1.82,-0.533533955532084,-0.602371297444479,0.11091339991602
1.83,-0.532258507819223,-0.6025030720395,0.111094014341775
1.84,-0.530977334983987,-0.602640833857009,0.11127550530856
1.85,-0.529690603844585,-0.602784426897249,0.111457872289313
1.86,-0.528398480610675,-0.602933695298209,0.111641114831236
1.87,-0.527101129029277,-0.603088483883734,0.111825232577967
1.88,-0.525798709897089,-0.603248638298956,0.11201022525953
1.89,-0.524491379438752,-0.603414005522662,0.112196092707526
1.9,-0.523179286002254,-0.603584434826417,0.112382834887198
1.91,-0.521862570693076,-0.603759777619171,0.112570451881915
1.92,-0.520541367567865,-0.603939887442029,0.112758943879247
1.93,-0.519215801164359,-0.604124620712946,0.112948311192026
1.94,-0.517885987015476,-0.604313836619977,0.113138554246936
1.95,-0.516552032246233,-0.604507397001187,0.113329673570983
1.96,-0.515214034864205,-0.604705166617939,0.113521669793335
1.97,-0.513872084557123,-0.604907012970085,0.113714543634547
1.98,-0.512526263310441,-0.605112806167915,0.113908295894399
1.99,-0.511176645877585,-0.605322418895461,0.114102927447458
2,-0.509823300555072,-0.605535726234331,0.114298439235591
2.01,-0.508466289344535,-0.605752605623783,0.114494832256543
2.02,-0.507105669275782,-0.605972936612752,0.114692107556974
2.03,-0.505741493093641,-0.606196600714643,0.114890266229608
2.04,-0.504373809750591,-0.606423481299214,0.115089309407148
2.05,-0.503002663584706,-0.606653463805571,0.115289238251416
2.06,-0.50162809603583,-0.606886435390081,0.115490053951938
2.07,-0.500250146444882,-0.607122284750592,0.115691757725075
2.08,-0.498868851939245,-0.607360902159324,0.115894350813589
2.09,-0.497484246357337,-0.607602179769204,0.116097834476502
2.1,-0.496096361112561,-0.607846011426278,0.116302209985545
2.11,-0.494705225575249,-0.608092292618867,0.116507478632754
2.12,-0.4933108668997,-0.608340920531458,0.116713641731634
2.13,-0.491913309517476,-0.608591794194662,0.116920700605515
2.14,-0.490512575533636,-0.608844814406004,0.117128656576769
2.15,-0.48910868435681,-0.609099883872885,0.117337510986163
2.16,-0.487701652646717,-0.609356907229399,0.117547265194206
2.17,-0.486291494224228,-0.609615791065966,0.117757920578949
2.18,-0.484878219991035,-0.609876443991746,0.117969478511373
2.19,-0.483461838297051,-0.610138776550387,0.118181940361914
2.2,-0.482042354331263,-0.610402701397352,0.118395307515708
2.21,-0.480619770070716,-0.610668133315173,0.118609581372797
2.22,-0.47919408465258,-0.610934989134664,0.118824763336501
2.23,-0.477765294746299,-0.611203187667502,0.119040854795352
2.24,-0.476333394149706,-0.611472649809439,0.119257857143109
2.25,-0.474898373863156,-0.611743298526738,0.119475771778207
2.26,-0.473460223671476,-0.612015058109739,0.119694359546642
2.27,-0.472018955650275,-0.612287843483638,0.119913380960038
2.28,-0.47057462652339,-0.612561550004845,0.120132836715848
2.29,-0.469127335489947,-0.612836054436392,0.120352727125075
2.3,-0.467677219105207,-0.61311121733983,0.12057305220543
2.31,-0.466224445192757,-0.61338688590837,0.120793811750949
2.32,-0.464769203729561,-0.613662898193883,0.121015005462796
2.33,-0.463311700875621,-0.613939085880138,0.121236633007561
2.34,-0.461852149847233,-0.614215278509201,0.121458694111649
2.35,-0.460390763573908,-0.614491306879653,0.121681188624385
2.36,-0.458927749759171,-0.614767005338963,0.121904116539591
2.37,-0.457463302501638,-0.615042215650895,0.122127478041488
2.38,-0.455997601192736,-0.615316787517314,0.122351273485679
2.39,-0.454530804406524,-0.61559058139451,0.122575503406958
2.4,-0.453063050219244,-0.615863468356676,0.122800168494167
2.41,-0.451594453716981,-0.616135331242399,0.123025269571395
2.42,-0.450125108152003,-0.616406064130409,0.123250807575285
2.43,-0.44865508566991,-0.616675572002991,0.123476783529393
2.44,-0.447184438869049,-0.616943770029939,0.123703198525293
2.45,-0.44571320326021,-0.617210582444771,0.123930053703956
2.46,-0.444241400160774,-0.617475941196747,0.124157350235767
2.47,-0.442769038511169,-0.617739785135983,0.124385089312358
2.48,-0.441296118140493,-0.618002058504539,0.124613272131798
2.49,-0.439822633558925,-0.618262709172784,0.124841899886652
2.5,-0.438348574081653,-0.618521688614739,0.125070973761405
2.51,-0.436873926832219,-0.618778950514696,0.125300494923087
2.52,-0.435398680084458,-0.619034449209853,0.125530464514332
2.53,-0.43392282197992,-0.619288140311673,0.125760883653636
2.54,-0.432446342598149,-0.619539979739776,0.125991753430958
2.55,-0.430969235179143,-0.619789923146367,0.126223074907039
2.56,-0.429491494876935,-0.620037926515331,0.126454849112961
2.57,-0.42801311963961,-0.620283945731735,0.126687077051815
2.58,-0.426534109740771,-0.620527936792058,0.126919759701078
2.59,-0.425054466875496,-0.620769856251103,0.127152898010026
2.6,-0.423574193654975,-0.621009661408923,0.127386492906704
2.61,-0.422093292871144,-0.621247310638824,0.127620545300631
2.62,-0.420611766991826,-0.621482763669161,0.127855056076882
2.63,-0.419129617210022,-0.621715981971998,0.128090026101955
2.64,-0.417646842245857,-0.621946929274199,0.128325456229699
2.65,-0.41616343842159,-0.622175571559085,0.12856134729581
2.66,-0.414679399764739,-0.622401877039603,0.128797700113276
2.67,-0.413194716439611,-0.62262581679419,0.12903451548137
2.68,-0.411709374673153,-0.622847364798287,0.129271794185316
2.69,-0.410223357748333,-0.623066497523796,0.129509536986679
2.7,-0.408736645341031,-0.623283194187161,0.12974774462744
2.71,-0.407249213374888,-0.623497436772385,0.129986417833582
2.72,-0.405761034714808,-0.623709209747374,0.130225557309104
2.73,-0.404272079347159,-0.623918499988829,0.13046516373245
2.74,-0.402782314653372,-0.624125296571649,0.130705237763236
2.75,-0.401291705760154,-0.624329590597651,0.130945780042172
2.76,-0.399800215825578,-0.624531375153875,0.131186791180429
2.77,-0.398307806283142,-0.624730645144233,0.131428271762775
2.78,-0.39681443767895,-0.624927396802844,0.131670222354695
2.79,-0.395320069739704,-0.625121627659099,0.131912643502468
2.8,-0.393824661565453,-0.625313336522532,0.132155535725009
2.81,-0.392328171084479,-0.625502523823024,0.132398899506282
2.82,-0.390830556269226,-0.625689190837719,0.13264273530965
2.83,-0.389331775358586,-0.625873339560972,0.132887043579538
2.84,-0.387831786816841,-0.626054972727444,0.133131824741107
2.85,-0.386330548595095,-0.626234094285385,0.133377079189419
2.86,-0.384828018522879,-0.626410709205077,0.133622807288066
2.87,-0.383324154642251,-0.62658482314781,0.133869009382179
2.88,-0.381818915136288,-0.62675644248995,0.134115685799131
2.89,-0.380312258135285,-0.626925574406879,0.134362836848487
2.9,-0.378804141567796,-0.627092227123628,0.134610462807056
2.91,-0.377294523465746,-0.627256409679614,0.134858563924837
2.92,-0.375783361639088,-0.627418131896005,0.135107140437666
2.93,-0.374270613668627,-0.627577404377058,0.135356192567351
2.94,-0.372756236897325,-0.627734238525592,0.135605720520842
2.95,-0.371240188526739,-0.627888646688295,0.135855724475374
2.96,-0.369722425769032,-0.628040642010984,0.136106204581593
2.97,-0.368202905591009,-0.628190238364425,0.136357160977745
2.98,-0.366681584686935,-0.628337450351476,0.136608593790138
2.99,-0.365158419553153,-0.628482293303943,0.13686050313048
3,-0.363633366888364,-0.628624783234486,0.137112889079986
3.01,-0.362106384143409,-0.628764935198195,0.137365634194313
3.02,-0.360577441521246,-0.628902748956062,0.137618618059326
3.03,-0.359046533359209,-0.62903819543728,0.137871840671175
3.04,-0.35751367755971,-0.629171216894122,0.138125301872275
3.05,-0.355978912866054,-0.629301730346298,0.138379001404067
3.06,-0.354442295054732,-0.629429632373783,0.13863293894374
3.07,-0.352903892983383,-0.629554804061115,0.138887114143483
3.08,-0.351363785730786,-0.629677114627706,0.139141526647267
3.09,-0.349822056129057,-0.62979642947467,0.139396176142674
3.1,-0.348278789042371,-0.629912612376514,0.139651062360929
3.11,-0.346734067774198,-0.630025529972063,0.139906185088318
3.12,-0.345187969130069,-0.630135057891017,0.140161544179657
3.13,-0.343640564009915,-0.63024108005483,0.140417139541113
3.14,-0.342091913657506,-0.630343493313304,0.140672971127008
3.15,-0.340542069399759,-0.63044220777242,0.140929038928881
3.16,-0.338991072350794,-0.630537147149882,0.141185342962265
3.17,-0.337438952772437,-0.630628249543417,0.141441883256409
3.18,-0.335885731427126,-0.630715465758026,0.141698659846531
3.19,-0.334331419922804,-0.630798758827056,0.141955672765001
3.2,-0.332776021981919,-0.63087810244381,0.142212922038262
3.21,-0.33121953467528,-0.630953479425093,0.142470407683075
3.22,-0.329661950310865,-0.631024879299075,0.142728129705658
3.23,-0.328103257329273,-0.631092297229748,0.142986088101006
3.24,-0.326543441374318,-0.631155732689201,0.143244282851884
3.25,-0.324982487710964,-0.63121518639274,0.14350271393189
3.26,-0.323420381250277,-0.631270660306578,0.143761381304223
3.27,-0.321857107185483,-0.631322156869472,0.144020284921419
3.28,-0.320292652936917,-0.631369676520316,0.144279424729189
3.29,-0.318727007567812,-0.631413218466366,0.144538800664797
3.3,-0.317160161998207,-0.631452780427796,0.144798412657092
3.31,-0.315592109864334,-0.631488357513747,0.145058260630177
3.32,-0.314022846795402,-0.631519943167866,0.14531834450149
3.33,-0.312452370284987,-0.631547529330972,0.14557866418203
3.34,-0.310880679647915,-0.631571106420043,0.145839219579965
3.35,-0.309307775420007,-0.631590664117392,0.146100010598662
3.36,-0.30773365920094,-0.631606191621432,0.146361037134719
3.37,-0.306158332862266,-0.631617678486543,0.146622299082136
3.38,-0.304581798205938,-0.631625115021558,0.146883796332501
3.39,-0.303004056909957,-0.631628492505227,0.147145528770174
3.4,-0.301425110622069,-0.631627803068912,0.147407496272384
3.41,-0.299844959560612,-0.631623041196853,0.14766969871251
3.42,-0.298263602438504,-0.631614203810993,0.147932135960167
3.43,-0.296681037005255,-0.631601289739527,0.148194807878002
3.44,-0.295097260284913,-0.631584299507577,0.148457714318599
3.45,-0.293512267784083,-0.631563236068168,0.148720855129172
3.46,-0.291926053529478,-0.631538104743294,0.148984230151875
3.47,-0.290338610600641,-0.631508912657646,0.149247839221811
3.48,-0.28874993116871,-0.631475668758054,0.149511682164206
3.49,-0.287160006536918,-0.631438383564279,0.149775758799741
3.5,-0.285568827249421,-0.631397069005992,0.150040068945522
3.51,-0.283976383524762,-0.631351737941288,0.150304612414129
3.52,-0.282382664920831,-0.631302404837009,0.150569389005553
3.53,-0.280787660891843,-0.631249084748024,0.150834398516648
3.54,-0.279191361016702,-0.631191792954122,0.151099640743613
3.55,-0.277593754999983,-0.631130544960059,0.151365115481963
3.56,-0.275994832676563,-0.6310653566945,0.151630822521619
3.57,-0.274394583903499,-0.630996244751032,0.151896761643204
3.58,-0.272792998904533,-0.630923225643105,0.152162932626921
3.59,-0.271190068377114,-0.630846315660624,0.152429335253328
3.6,-0.269585783407066,-0.630765531006616,0.152695969302348
3.61,-0.267980135210719,-0.630680888324298,0.152962834546928
3.62,-0.266373115369115,-0.63059240424464,0.153229930757496
3.63,-0.264764715786224,-0.630500095309404,0.153497257705402
3.64,-0.26315492865563,-0.630403978010656,0.153764815162855
3.65,-0.261543746318827,-0.630304069133445,0.154032602898123
3.66,-0.259931161395012,-0.630200385649691,0.154300620674211
3.67,-0.258317166608996,-0.630092944640811,0.154568868255462
3.68,-0.256701754763026,-0.629981763311263,0.154837345408004
3.69,-0.255084918703615,-0.629866859023949,0.155106051899646
3.7,-0.253466651430307,-0.629748249512653,0.155374987492014
3.71,-0.251846946147378,-0.629625952751459,0.155644151942096
3.72,-0.250225796028097,-0.629499986863404,0.155913545009816
3.73,-0.248603194207271,-0.629370370120645,0.156183166458201
3.74,-0.246979133784208,-0.629237120945441,0.15645301605329
3.75,-0.245353608067027,-0.62910025797659,0.156723093526919
3.76,-0.243726611179407,-0.628959797060584,0.156993333662773
3.77,-0.242098145672716,-0.628815723697683,0.157263676394688
3.78,-0.240468229527837,-0.628667968528664,0.157534121419195
3.79,-0.238836895786759,-0.628516408089906,0.157804668343991
3.8,-0.237204190616448,-0.62836087218673,0.15807531673553
3.81,-0.23557017093793,-0.628201152359011,0.158346066184328
3.82,-0.233934902844065,-0.628037008152951,0.158616916325499
3.83,-0.232298457468458,-0.627868181647673,0.158887866930505
3.84,-0.23066090939135,-0.62769440349964,0.159158917908682
3.85,-0.229022334481719,-0.627515400896806,0.159430069314928
3.86,-0.227382806308705,-0.62733091008702,0.159701321365199
3.87,-0.225742395834739,-0.627140677685787,0.159972674404777
3.88,-0.224101168811444,-0.626944469754536,0.160244128879653
3.89,-0.222459185289386,-0.626742073473254,0.160515685307668
3.9,-0.220816498537495,-0.626533300831656,0.160787344235651
3.91,-0.2191731549299,-0.626317988887597,0.161059106214584
3.92,-0.217529193881314,-0.62609599984237,0.161330971769168
3.93,-0.215884648112638,-0.625867219988422,0.161602941381783
3.94,-0.214239544304871,-0.625631557222317,0.161875015484603
3.95,-0.212593903837227,-0.625388938503511,0.162147194451806
3.96,-0.210947743301259,-0.625139307739896,0.162419478606674
3.97,-0.209301075938165,-0.624882620935379,0.162691868227826
3.98,-0.207653912499529,-0.624618843248081,0.162964363558367
3.99,-0.206006261407874,-0.624347948116808,0.163236964812712
4,-0.204358130412707,-0.624069911861501,0.163509672193308
4.01,-0.202709527386438,-0.62378471103013,0.16378248590172
4.02,-0.201060459989136,-0.623492323376018,0.164055406136903
4.03,-0.199410936924929,-0.62319272384029,0.164328433111121
4.04,-0.197760968099943,-0.622885884047544,0.164601567053187
4.05,-0.196110564519615,-0.622571772712479,0.164874808207495
4.06,-0.194459738783359,-0.622250354085086,0.165148156842487
4.07,-0.192808504724151,-0.621921589197102,0.16542161324552
4.08,-0.191156877366583,-0.621585436074862,0.165695177723369
4.09,-0.189504872794625,-0.621241850174293,0.165968850601886
4.1,-0.187852507838166,-0.620890785502885,0.166242632219924
4.11,-0.186199799770951,-0.620532195570652,0.166516522926119
4.12,-0.184546765973319,-0.620166034420228,0.166790523074698
4.13,-0.182893423776296,-0.619792257215865,0.167064633020539
4.14,-0.181239790231369,-0.619410820924784,0.167338853115474
4.15,-0.179585881522578,-0.619021686021636,0.167613183699011
4.16,-0.177931712997402,-0.618624816416369,0.167887625097183
4.17,-0.176277299275674,-0.618220179129403,0.168162177622712
4.18,-0.174622653737264,-0.617807745664694,0.168436841565996
4.19,-0.172967788447733,-0.617387492200367,0.168711617193084
4.2,-0.171312714472437,-0.61695939863816,0.168986504749684
4.21,-0.169657441721073,-0.61652344893345,0.169261504457975
4.22,-0.168001978924406,-0.616079631077095,0.169536616515652
4.23,-0.166346333838603,-0.615627936472043,0.169811841099151
4.24,-0.164690513231608,-0.615168359932878,0.170087178362537
4.25,-0.163034523114385,-0.614700898885906,0.170362628441753
4.26,-0.161378368852799,-0.61422555301478,0.170638191456674
4.27,-0.159722055338628,-0.613742323779095,0.170913867513904
4.28,-0.158065586760289,-0.613251215056658,0.171189656701399
4.29,-0.156408966984023,-0.612752231989449,0.171465559096084
4.3,-0.154752199848522,-0.612245380131253,0.171741574769516
4.31,-0.153095289141849,-0.611730665515178,0.172017703787393
4.32,-0.151438238320946,-0.611208095481819,0.172293946203247
4.33,-0.149781050729157,-0.61067767805712,0.17257030206251
4.34,-0.148123729820407,-0.610139421293117,0.172846771407456
4.35,-0.146466279103448,-0.609593333423721,0.173123354276102
4.36,-0.14480870194392,-0.609039423471271,0.173400050697376
4.37,-0.143151001707466,-0.608477700817529,0.173676860694356
4.38,-0.141493181784702,-0.607908175075449,0.173953784285662
4.39,-0.139835245508999,-0.607330856313462,0.174230821483771
4.4,-0.138177196072365,-0.606745755401968,0.17450797229167
4.41,-0.136519036565835,-0.606152883760889,0.1747852367054
4.42,-0.134860769941401,-0.605552253378658,0.175062614714376
4.43,-0.133202398978624,-0.604943876888554,0.175340106300787
4.44,-0.131543926243543,-0.604327767874633,0.175617711436122
4.45,-0.129885354112187,-0.603703940676427,0.175895430083093
4.46,-0.128226684711876,-0.603072410315654,0.176173262197094
4.47,-0.126567919920067,-0.602433192496924,0.176451207726201
4.48,-0.124909061382369,-0.601786303707731,0.176729266609565
4.49,-0.123250110522734,-0.601131761197631,0.177007438777213
4.5,-0.121591068533772,-0.600469582805801,0.177285724157207
4.51,-0.119931937103974,-0.599799786688626,0.177564095728496
4.52,-0.118272725990769,-0.599122390866441,0.177842527885258
4.53,-0.116613459846916,-0.598437412875361,0.178121020522871
4.54,-0.114954177628233,-0.597744869577903,0.178399573499568
4.55,-0.113294931602604,-0.597044777013717,0.178678186660079
4.56,-0.111635784309937,-0.596337150971847,0.178956859837149
4.57,-0.109976806149376,-0.595622006869948,0.179235592861652
4.58,-0.108318072403852,-0.594899359855185,0.179514385568641
4.59,-0.106659662976027,-0.594169225291061,0.17979323779274
4.6,-0.105001657161938,-0.593431618591907,0.180072149379691
4.61,-0.103344131328233,-0.592686555215501,0.18035112018967
4.62,-0.101687159697249,-0.591934051067247,0.18063015008832
4.63,-0.100030811538881,-0.59117412232866,0.18090923895083
4.64,-0.0983751489803442,-0.590406785434633,0.181188386661299
4.65,-0.0967202283698601,-0.589632057112366,0.181467593109632
4.66,-0.0950660988027991,-0.588849954278527,0.181746858190089
4.67,-0.093412801971714,-0.588060494014324,0.18202618179947
4.68,-0.0917603734388523,-0.587263693487625,0.182305563836729
4.69,-0.0901088425290022,-0.586459569870251,0.182585004201023
4.7,-0.0884582331405008,-0.585648140318611,0.182864502790957
4.71,-0.0868085645200071,-0.584829421890198,0.183144059505565
4.72,-0.085159852390513,-0.584003431502354,0.183423674243179
4.73,-0.0835121099899061,-0.583170185937557,0.18370334690079
4.74,-0.0818653489510699,-0.58232970183545,0.183983077374832
4.75,-0.080219578309141,-0.581481995625313,0.184262865561809
4.76,-0.0785748072938496,-0.580627083615791,0.184542711357292
4.77,-0.0769310461363165,-0.579764982017653,0.18482261465582
4.78,-0.0752883056113202,-0.578895706920082,0.185102575351393
4.79,-0.0736465960407443,-0.578019274306165,0.185382593337842
4.8,-0.0720059290249086,-0.577135700131944,0.185662668508085
4.81,-0.0703663176679111,-0.576245000292892,0.185942800754783
4.82,-0.0687277757433032,-0.575347190641247,0.186222989970209
4.83,-0.067090317562827,-0.574442287082402,0.186503236045624
4.84,-0.0654539581666386,-0.573530305444706,0.186783538872545
4.85,-0.0638187130549157,-0.572611261439788,0.187063898343021
4.86,-0.0621845976849133,-0.571685170816361,0.187344314348354
4.87,-0.0605516274916781,-0.570752049309465,0.187624786779581
4.88,-0.0589198173115032,-0.569811912377353,0.187905315529203
4.89,-0.057289181278251,-0.568864775202546,0.188185900491082
4.9,-0.0556597328032024,-0.567910652945722,0.188466541558504
4.91,-0.0540314845134775,-0.566949560607047,0.188747238625214
4.92,-0.0524044476429564,-0.565981512706416,0.189027991587148
4.93,-0.0507786320396448,-0.565006523294996,0.189308800342333
4.94,-0.0491540466051246,-0.564024606255041,0.189589664788989
4.95,-0.0475306991337059,-0.563035775169984,0.189870584826316
4.96,-0.0459085961164293,-0.562040043069833,0.19015156035598
4.97,-0.0442877428021938,-0.561037422444985,0.190432591282034
4.98,-0.0426681435881461,-0.560027925501739,0.190713677509465
4.99,-0.0410498019188393,-0.559011564110662,0.190994818944436
5,-0.0394327204611576,-0.557988349621451,0.191276015495639
5.01,-0.0378169011538321,-0.55695829286286,0.191557267074331
5.02,-0.0362023454220185,-0.555921404328061,0.191838573593293
5.03,-0.034589054016592,-0.554877694304218,0.19211993496578
5.04,-0.0329770273579711,-0.553827172667567,0.192401351107244
5.05,-0.0313662656640981,-0.552769848868823,0.19268282193557
5.06,-0.0297567689512723,-0.551705731950123,0.192964347370975
5.07,-0.0281485368857343,-0.550634830808885,0.193245927334116
5.08,-0.0265415688154469,-0.549557154179125,0.193527561746204
5.09,-0.0249358640455017,-0.548472710432532,0.193809250530738
5.1,-0.0233314218532539,-0.547381507572558,0.194090993613573
5.11,-0.0217282414239169,-0.546283553255078,0.194372790922725
5.12,-0.0201263215583994,-0.545178855074888,0.194654642386136
5.13,-0.0185256609302554,-0.544067420471398,0.194936547932579
5.14,-0.0169262580694546,-0.542949256488013,0.195218507493387
5.15,-0.01532811135104,-0.54182436976619,0.195500521002492
5.16,-0.0137312189185946,-0.54069276663187,0.195782588395755
5.17,-0.0121355786283936,-0.539554453401424,0.196064709608771
5.18,-0.0105411881394285,-0.53840943606229,0.196346884579228
5.19,-0.00894804485921184,-0.537257720147235,0.196629113247753
5.2,-0.00735614594338917,-0.536099310748358,0.196911395557822
5.21,-0.00576548829416066,-0.534934212807301,0.197193731453732
5.22,-0.00417606857681455,-0.533762431093671,0.197476120880764
5.23,-0.0025878832334537,-0.532583969917221,0.197758563787257
5.24,-0.00100092848352657,-0.531398833116683,0.198041060124685
5.25,0.000584799665362682,-0.530207024271457,0.198323609846488
5.26,0.00216930425630183,-0.529008549256676,0.198606213949492
5.27,0.00375257571488647,-0.527803442038688,0.198888873064346
5.28,0.00533458136269909,-0.526591788533621,0.199171586255589
5.29,0.00691526584546585,-0.525373725538515,0.19945435205621
5.3,0.00849455493395713,-0.524149433965511,0.199737168568546
5.31,0.0100723585671411,-0.522919131673913,0.200020033580253
5.32,0.0116485752826946,-0.521683065270032,0.200302944682061
5.33,0.0132230963587148,-0.520441499080353,0.200585899426143
5.34,0.0147958091812574,-0.519194709637834,0.20086889538233
5.35,0.0163666018281465,-0.51794297273296,0.201151930284617
5.36,0.017935364918751,-0.516686559930169,0.201435002046345
5.37,0.0195019949970392,-0.515425729019353,0.201718108826328
5.38,0.0210663956881475,-0.514160720703933,0.202001249033189
5.39,0.0226284791942664,-0.512891753840765,0.202284421326841
5.4,0.0241881669086836,-0.511619023118783,0.202567624607985
5.41,0.02574538921018,-0.510342698559073,0.202850857991413
5.42,0.0273000856422053,-0.509062924637858,0.203134120784677
5.43,0.0288522036575746,-0.50777982245993,0.203417412460023
5.44,0.0304016983335458,-0.506493490980405,0.203700732624676
5.45,0.0319485308997511,-0.505204009701809,0.203984081004072
5.46,0.0334926678323659,-0.503911442264431,0.204267457409039
5.47,0.0350340798284768,-0.502615839353297,0.204550861719332
5.48,0.0365727408705144,-0.501317240062669,0.204834293878724
5.49,0.0381086270134291,-0.500015678636213,0.205117753854184
5.5,0.0396417159157751,-0.498711185521539,0.205401241632995
5.51,0.0411719863178113,-0.497403787770499,0.20568475722488
5.52,0.0426994173181769,-0.496093514185242,0.205968300633595
5.53,0.0442239881899744,-0.494780395764616,0.206251871856543
5.54,0.0457456784551711,-0.493464465346425,0.206535470887473
5.55,0.0472644675097781,-0.492145760366748,0.206819097703855
5.56,0.0487803348638956,-0.490824321731557,0.20710275227286
5.57,0.0502932602968194,-0.489500193584659,0.207386434553012
5.58,0.0518032239082347,-0.488173423561468,0.207670144494249
5.59,0.0533102063908118,-0.486844061453415,0.207953882043665
5.6,0.0548141892192355,-0.485512158518575,0.208237647148856
5.61,0.0563151548912765,-0.484177766309034,0.20852143976375
5.62,0.0578130870859168,-0.482840935614177,0.20880525985185
5.63,0.0593079705643818,-0.481501717183509,0.209089107383134
5.64,0.0607997915939266,-0.480160158545837,0.209372982345501
5.65,0.062288538033303,-0.478816303379183,0.209656884747008
5.66,0.0637741992097016,-0.477470191907929,0.209940814612549
5.67,0.0652567657890919,-0.476121861236777,0.210224771981279
5.68,0.0667362299358527,-0.474771343519871,0.210508756912129
5.69,0.0682125852763368,-0.473418665775092,0.210792769483136
5.7,0.0696858266807031,-0.472063851054326,0.211076809786958
5.71,0.0711559502157126,-0.47070691802215,0.21136087793101
5.72,0.0726229530623668,-0.469347880840653,0.211644974036621
5.73,0.0740868334006599,-0.467986749886457,0.21192909823657
5.74,0.075547590345394,-0.466623531998253,0.212213250673762
5.75,0.0770052237632886,-0.465258230996444,0.212497431498687
5.76,0.078459734218145,-0.463890847971443,0.21278164086839
5.77,0.0799111229421894,-0.462521381750596,0.213065878944807
5.78,0.0813593917955157,-0.461149828915662,0.213350145894211
5.79,0.0828045430916291,-0.459776184833172,0.213634441883958
5.8,0.0842465795866661,-0.458400443772308,0.213918767082096
5.81,0.0856855045503117,-0.457022598686912,0.214203121657569
5.82,0.0871213217040806,-0.455642641519895,0.214487505779128
5.83,0.0885540351362037,-0.454260563814387,0.214771919613579
5.84,0.0899836493158552,-0.452876356635835,0.215056363325939
5.85,0.0914101691661945,-0.45149001018421,0.21534083708012
5.86,0.092833599998859,-0.450101514159691,0.21562534103791
5.87,0.0942539474882662,-0.448710857803758,0.215909875358961
5.88,0.0956712176954598,-0.447318029712869,0.216194440201159
5.89,0.0970854170990962,-0.445923017786779,0.21647903572041
5.9,0.0984965525298705,-0.444525809198389,0.216763662071015
5.91,0.0999046311585473,-0.443126390292102,0.217048319406029
5.92,0.101309660521419,-0.441724746572366,0.217333007876963
5.93,0.102711648507222,-0.440320862729378,0.217617727633599
5.94,0.104110603281232,-0.438914722428717,0.217902478825005
5.95,0.105506533279331,-0.43750630831541,0.218187261599508
5.96,0.106899447246523,-0.436095602202386,0.218472076103641
5.97,0.10828935417125,-0.434682584977952,0.218756922482699
5.98,0.109676263214247,-0.433267236527916,0.219041800881341
5.99,0.111060183731462,-0.431849535845428,0.219326711443044
6,0.112441125276199,-0.430429461206017,0.219611654309349
6.01,0.113819095542398,-0.429006991157519,0.219896626626389
6.02,0.115194078441214,-0.427582116500749,0.220181625415051
6.03,0.116566013321674,-0.426154851727107,0.22046665065077
6.04,0.117934794988787,-0.424725234931664,0.220751702173489
6.05,0.119300280398048,-0.423293324670173,0.221036779725212
6.06,0.120662295121641,-0.421859196263257,0.221321883014769
6.07,0.122020639031526,-0.420422939256978,0.221607011743041
6.08,0.123375097170011,-0.418984651238738,0.221892165685086
6.09,0.124725445919535,-0.417544434595608,0.222177344712621
6.1,0.126071458543539,-0.416102393737463,0.222462548802045
6.11,0.127412915807803,-0.414658628887464,0.222747778065634
6.12,0.128749607059795,-0.413213235662231,0.223033032729631
6.13,0.13008133736597,-0.411766300912081,0.22331831312187
6.14,0.13140792934847,-0.410317901636559,0.223603619652178
6.15,0.132729225276197,-0.408868103690286,0.223888952784365
6.16,0.13404508847688,-0.40741696091548,0.224174313013136
6.17,0.135355402060385,-0.405964515726015,0.224459700847147
6.18,0.136660069149161,-0.404510798991847,0.224745116785777
6.19,0.137959010334126,-0.403055831329004,0.22503056131779
6.2,0.139252161692475,-0.401599624315286,0.225316034907909
6.21,0.140539472250687,-0.400142181974485,0.225601537997059
6.22,0.141820902807212,-0.398683501257639,0.225887071005396
6.23,0.143096420812272,-0.397223575352873,0.226172634333197
6.24,0.144365998822369,-0.395762394626595,0.226458228363979
6.25,0.145629613969318,-0.394299946766111,0.22674385347013
6.26,0.146887244384111,-0.392836219170975,0.227029510016353
6.27,0.148138866737833,-0.391371200527566,0.227315198365251
6.28,0.149384457639776,-0.389904879910071,0.227600918875967
6.29,0.150623991236333,-0.388437248392069,0.227886671909171
6.3,0.151857438384496,-0.386968299607971,0.228172457829588
6.31,0.153084767972609,-0.385498028969065,0.22845827700357
6.32,0.154305945974544,-0.384026434316279,0.228744129802307
6.33,0.1555209359592,-0.38255351561566,0.229030016601294
6.34,0.156729700134115,-0.381079274361866,0.229315937777789
6.35,0.157932199729489,-0.379603713315436,0.229601893711
6.36,0.159128395794537,-0.378126835967705,0.229887884780189
6.37,0.160318249660407,-0.376648646355895,0.23017391136277
6.38,0.161501723660739,-0.375169148545596,0.230459973832205
6.39,0.162678782575929,-0.373688345568281,0.230746072553656
6.4,0.163849393716386,-0.372206239379395,0.2310322078832
6.41,0.165013526808437,-0.370722831069112,0.231318380166252
6.42,0.166171154538706,-0.369238120381086,0.231604589735879
6.43,0.16732225352729,-0.367752104941605,0.231890836907918
6.44,0.168466803985184,-0.366264780519665,0.232177121981743
6.45,0.169604789034744,-0.364776141583982,0.23246344524186
6.46,0.17073619527939,-0.363286180754053,0.232749806954799
6.47,0.171861012636107,-0.361794888851945,0.233036207369063
6.48,0.172979233770367,-0.360302255370525,0.233322646717033
6.49,0.174090854130842,-0.358808268499678,0.233609125214268
6.5,0.175195871274832,-0.357312915386824,0.2338956430616
6.51,0.176294284646462,-0.355816182264611,0.234182200445953
6.52,0.177386095266255,-0.354318054803068,0.23446879754137
6.53,0.178471306359886,-0.352818517816755,0.234755434505979
6.54,0.179549921840955,-0.351317556008019,0.235042111488366
6.55,0.180621946064285,-0.349815154102948,0.235328828628613
6.56,0.18168738394466,-0.348311296827613,0.235615586057735
6.57,0.182746241682888,-0.346805968724308,0.235902383894251
6.58,0.183798525975941,-0.345299154444998,0.23618922224779
6.59,0.184844243571758,-0.343790838977948,0.236476101221089
6.6,0.18588340139008,-0.342281007592653,0.236763020909486
6.61,0.186916007144655,-0.340769645601991,0.237049981398175
6.62,0.187942068934439,-0.339256738541717,0.237336982764109
6.63,0.188961595080467,-0.337742272162196,0.237624025076959
6.64,0.189974594224478,-0.336226232374122,0.237911108398717
6.65,0.190981075773831,-0.334708605147202,0.238198232781638
6.66,0.191981049668162,-0.333189376578088,0.238485398269427
6.67,0.192974526340397,-0.331668532742859,0.238772604897808
6.68,0.193961516738102,-0.330146059684819,0.239059852694445
6.69,0.194942032566471,-0.328621943442864,0.239347141677712
6.7,0.195916086245573,-0.32709617010066,0.239634471856873
6.71,0.196883690769004,-0.325568725627585,0.239921843233297
6.72,0.197844859708819,-0.32403959586061,0.24020925580049
6.73,0.198799607290089,-0.322508766624926,0.240496709543538
6.74,0.199747948363303,-0.320976223756686,0.240784204439355
6.75,0.200689898272513,-0.31944195303785,0.241071740459522
6.76,0.201625472919156,-0.317905940780215,0.241359327781469
6.77,0.20255468852356,-0.316368178920141,0.241646975923017
6.78,0.203477561420083,-0.314828669668149,0.241934684794395
6.79,0.204394108028003,-0.31328742551082,0.242222454271512
6.8,0.205304344943227,-0.311744467690332,0.242510284199489
6.81,0.20620828877997,-0.31019982473261,0.242798174400794
6.82,0.207105956217363,-0.308653530743919,0.243086124680912
6.83,0.207997364156241,-0.307105624830516,0.243374134828914
6.84,0.208882529458705,-0.305556147224482,0.243662204634005
6.85,0.209761468946172,-0.304005138366667,0.243950333888221
6.86,0.210634199662423,-0.302452638688067,0.244238522382967
6.87,0.211500738697985,-0.300898686753486,0.24452676991655
6.88,0.212361103092193,-0.299343316741921,0.244815076300779
6.89,0.213215309955198,-0.29778655956946,0.245103441356029
6.9,0.214063376452435,-0.296228442423078,0.245391864911594
6.91,0.214905319692095,-0.294668987296997,0.245680346808974
6.92,0.215741156788139,-0.293108211975639,0.245968886898608
6.93,0.216570904849664,-0.291546130238239,0.246257485038738
6.94,0.217394580881894,-0.289982751751345,0.246546141095554
6.95,0.218212201838965,-0.288418082932078,0.246834854940862
6.96,0.219023784662573,-0.286852127302962,0.247123626450768
6.97,0.219829346134374,-0.285284886398874,0.24741245550445
6.98,0.220628902878843,-0.283716360206759,0.247701341983226
6.99,0.221422471509213,-0.282146547451686,0.247990285769009
7,0.222210068511327,-0.28057544624896,0.248279286743683
7.01,0.222991710144793,-0.279003055188911,0.248568344787622
7.02,0.223767412504125,-0.277429373211155,0.248857459779612
7.03,0.224537191657042,-0.27585439922479,0.249146631596708
7.04,0.225301063452697,-0.274278133185739,0.249435860113531
7.05,0.226059043473865,-0.272700576383706,0.249725145202122
7.06,0.226811147155401,-0.271121730787077,0.250014486732562
7.07,0.227557389840752,-0.26954159903353,0.250303884572643
7.08,0.228297786582903,-0.267960184736294,0.25059333858892
7.09,0.229032352123468,-0.266377492331441,0.250882848647252
7.1,0.229761101073936,-0.26479352658377,0.251172414612544
7.11,0.230484047937437,-0.263208292747841,0.251462036348338
7.12,0.231201206839862,-0.261621796129352,0.251751713719805
7.13,0.231912591516002,-0.260034042028314,0.252041446593962
7.14,0.23261821546529,-0.258445035474539,0.252331234839071
7.15,0.233318092169626,-0.25685478152877,0.252621078322573
7.16,0.234012234737886,-0.255263284763708,0.252910976914635
7.17,0.234700655843217,-0.253670549017577,0.25320093048907
7.18,0.235383367759826,-0.252076577454806,0.253490938922963
7.19,0.236060382696225,-0.250481372994283,0.253781002093551
7.2,0.236731712626375,-0.248884938043011,0.25407111987991
7.21,0.237397369079795,-0.247287274309614,0.254361292164786
7.22,0.238057363140857,-0.245688382814971,0.254651518834592
7.23,0.23871170562957,-0.244088264253458,0.254941799777551
7.24,0.239360407289567,-0.24248691899705,0.255232134882349
7.25,0.240003478459659,-0.240884347047034,0.25552252404059
7.26,0.240640929028876,-0.239280548125845,0.255812967146983
7.27,0.241272768474598,-0.237675521738098,0.256103464098999
7.28,0.241899006191255,-0.236069267321487,0.256394014794372
7.29,0.242519651328371,-0.234461784156676,0.256684619132364
7.3,0.243134712591274,-0.232853071571957,0.25697527701494
7.31,0.243744198239488,-0.231243128956261,0.257265988346757
7.32,0.244348116245251,-0.229631955734668,0.257556753034173
7.33,0.244946474532694,-0.228019551328692,0.25784757098361
7.34,0.24553928064432,-0.226405915266747,0.258138442103802
7.35,0.246126541681548,-0.22479104720858,0.258429366306228
7.36,0.246708264324414,-0.223174946927542,0.25872034350502
7.37,0.247284455138633,-0.221557614210351,0.259011373615031
7.38,0.247855120517809,-0.219939048942788,0.259302456552073
7.39,0.248420266429053,-0.218319251055966,0.259593592234905
7.4,0.248979898405819,-0.216698220514518,0.25988478058531
7.41,0.249534021650886,-0.215075957290585,0.260176021527458
7.42,0.250082641347219,-0.213452461403483,0.260467314985651
7.43,0.25062576235414,-0.211827732882672,0.260758660886552
7.44,0.251163389109061,-0.21020177170003,0.261050059160052
7.45,0.251695525635988,-0.20857457777135,0.261341509739204
7.46,0.252222175807628,-0.206946151019936,0.261633012558334
7.47,0.252743343396532,-0.20531649139378,0.261924567552604
7.48,0.253259031786356,-0.203685598781201,0.262216174660261
7.49,0.253769243955508,-0.202053473004672,0.262507833822777
7.5,0.25427398259315,-0.200420113858188,0.262799544984193
7.51,0.254773252474179,-0.198785521609769,0.26309134103361
7.52,0.255267081723237,-0.197149701128878,0.263383255229679
7.53,0.255755542308144,-0.195512665896067,0.263675286880559
7.54,0.256238749837436,-0.193874437984661,0.263967434912053
7.55,0.2567168573382,-0.192235046822089,0.264259697935694
7.56,0.257190048526385,-0.190594527903548,0.264552074341906
7.57,0.257658533172766,-0.18895292183878,0.264844562343327
7.58,0.258122534869201,-0.187310272018908,0.265137160130161
7.59,0.258582285739294,-0.185666623572739,0.265429865914097
7.6,0.25903802145669,-0.184022022368778,0.265722677962644
7.61,0.259489969708956,-0.182376512821645,0.266015594702679
7.62,0.259938349224732,-0.18073013768487,0.266308614708297
7.63,0.260383363575537,-0.179082936864982,0.266601736728584
7.64,0.260825198054732,-0.177434946825489,0.26689495969257
7.65,0.261264018448663,-0.175786200358772,0.267188282696088
7.66,0.26169996909381,-0.174136726215897,0.267481704994392
7.67,0.262133174232106,-0.172486549381254,0.267775225981309
7.68,0.262563737847464,-0.170835691036631,0.268068845172484
7.69,0.262991746023096,-0.169184169031591,0.268362562188756
7.7,0.263417269017573,-0.167531998270849,0.268656376733918
7.71,0.263840363629712,-0.165879191169648,0.268950288580708
7.72,0.264261074718822,-0.164225757964761,0.269244297563078
7.73,0.264679440196719,-0.162571707629892,0.269538403547184
7.74,0.265095492387907,-0.160917048138788,0.269832606426355
7.75,0.26550925858172,-0.159261786594481,0.270126906120809
7.76,0.265920765378802,-0.157605930017825,0.270421302556066
7.77,0.266330040457018,-0.155949485677022,0.270715795656118
7.78,0.266737111294946,-0.154292460859395,0.271010385349651
7.79,0.267142008021749,-0.152634863388205,0.271305071558144
7.8,0.267544763778379,-0.150976701687456,0.271599854195194
7.81,0.267945413764426,-0.149317984603463,0.271894733170241
7.82,0.268343996165962,-0.147658721568491,0.272189708386515
7.83,0.268740551371954,-0.145998922453913,0.272484779744398
7.84,0.26913512126672,-0.144338597436859,0.272779947143627
7.85,0.269527748647417,-0.142677756886516,0.273075210487692
7.86,0.269918476392273,-0.141016411210086,0.273370569686675
7.87,0.270307347230537,-0.139354570810658,0.273666024656462
7.88,0.270694402278416,-0.137692245814329,0.273961575325236
7.89,0.27107968020398,-0.136029445915709,0.274257221636652
7.9,0.271463217366913,-0.134366180406145,0.274552963546996
7.91,0.271845047625306,-0.13270245813856,0.274848801025278
7.92,0.272225200754395,-0.131038287236938,0.275144734058323
7.93,0.27260370256566,-0.129373675118935,0.275440762649749
7.94,0.272980575845122,-0.127708628670532,0.275736886814861
7.95,0.273355839490488,-0.126043154087918,0.276033106583239
7.96,0.273729508443828,-0.124377256865643,0.27632942199862
7.97,0.274101594419827,-0.122710941930687,0.276625833115518
7.98,0.274472105987052,-0.12104421365759,0.276922339998098
7.99,0.274841048783968,-0.119377075907579,0.277218942719972
8,0.275208425897895,-0.11770953209731,0.277515641362978
8.01,0.275574238075318,-0.116041585237019,0.277812436014508
8.02,0.275938484067792,-0.114373237992116,0.278109326767078
8.03,0.276301161279626,-0.112704492800041,0.278406313717451
8.04,0.27666226588121,-0.111035351890314,0.278703396966388
8.05,0.277021792949287,-0.109365817307344,0.279000576616401
8.06,0.277379735860154,-0.107695890800984,0.279297852771652
8.07,0.277736087610074,-0.106025574061793,0.279595225537395
8.08,0.278090840966368,-0.10435486874792,0.279892695019827
8.09,0.278443988460838,-0.102683776483867,0.280190261326092
8.1,0.278795521690365,-0.101012298730336,0.280487924563948
8.11,0.279145431386349,-0.0993404367962387,0.280785684840035
8.12,0.279493707994593,-0.097668191941698,0.281083542261399
8.13,0.279840341507464,-0.095995565345795,0.281381496936053
8.14,0.28018532137963,-0.09432255809107,0.281679548973071
8.15,0.280528636252222,-0.092649171112535,0.281977698480847
8.16,0.280870274286645,-0.0909754052568911,0.282275945566314
8.17,0.281210222849115,-0.0893012612232503,0.282574290337942
8.18,0.281548468473716,-0.0876267395563062,0.282872732905911
8.19,0.281884996857703,-0.0859518406451724,0.283171273381766
8.2,0.282219793060911,-0.0842765647577787,0.283469911874872
8.21,0.282552841484174,-0.0826009120360211,0.283768648493882
8.22,0.282884125640837,-0.080924882453759,0.284067483349076
8.23,0.283213628150686,-0.0792484758156849,0.284366416552406
8.24,0.283541330908454,-0.0775716917868202,0.284665448215904
8.25,0.283867215360658,-0.0758945299312246,0.284964578917277
8.26,0.284191263880323,-0.0742169905120107,0.285263871496228
8.27,0.284513471492994,-0.0725390807511807,0.285563371507726
8.28,0.28483385517575,-0.0708608197939675,0.285863078718293
8.29,0.285152453537237,-0.0691822384872174,0.286162992991204
8.3,0.285469323586324,-0.067503377627802,0.286463114105322
8.31,0.285784537340788,-0.0658242861251962,0.286763441782315
8.32,0.286098178252527,-0.0641450190722608,0.287063975711362
8.33,0.286410338472526,-0.0624656362605432,0.28736471556273
8.34,0.286721112517532,-0.0607861987809608,0.287665661029188
8.35,0.287030595850807,-0.0591067682504,0.287966811826958
8.36,0.287338882057079,-0.0574274052878578,0.288268167705905
8.37,0.287646057380196,-0.0557481665899182,0.288569728471227
8.38,0.287952201704065,-0.0540691054440413,0.288871493971555
8.39,0.288257385726997,-0.052390270214243,0.289173464103149
8.4,0.288561669538761,-0.0507117035768738,0.289475638809218
8.41,0.288865103607384,-0.0490334430424885,0.289778018070896
8.42,0.289167727540012,-0.0473555202924661,0.290080601905089
8.43,0.289469571391304,-0.0456779618725707,0.290383390357718
8.44,0.289770656451062,-0.0440007896102623,0.29068638349782
8.45,0.290070996167674,-0.042324021106343,0.290989581413584
8.46,0.290370597265585,-0.0406476703217462,0.291292984207487
8.47,0.290669461293859,-0.0389717484003831,0.291596591991703
8.48,0.290967586446462,-0.0372962646414371,0.291900404884833
8.49,0.291264968281954,-0.0356212268698695,0.292204423008986
8.5,0.291561599561231,-0.0339466413368911,0.29250864648789
8.51,0.29185747367177,-0.0322725145501472,0.292813075442693
8.52,0.29215258510779,-0.0305988535276401,0.293117709991205
8.53,0.292446928238237,-0.0289256651159339,0.293422550247516
8.54,0.292740498583593,-0.0272529566696403,0.293727596320253
8.55,0.293033293948381,-0.025580736655965,0.29403284831258
8.56,0.293325313556657,-0.0239090141809988,0.29433830632234
8.57,0.293616557932352,-0.0222377989154722,0.294643970441409
8.58,0.293907029253574,-0.0205671012886318,0.29494984075808
8.59,0.294196730767217,-0.0188969321703259,0.295255917357703
8.6,0.2944856664733,-0.0172273026808682,0.295562200319984
8.61,0.294773840686019,-0.0155582239713266,0.295868689723507
8.62,0.29506125769833,-0.0138897070497586,0.296175385647574
8.63,0.295347921364643,-0.0122217625404196,0.296482288170267
8.64,0.295633835240582,-0.0105544007429412,0.296789397366171
8.65,0.295919001625619,-0.00888763114818135,0.297096713311937
8.66,0.296203421322247,-0.00722146231190984,0.297404236087008
8.67,0.29648709400895,-0.00555590202814049,0.297711965769576
8.68,0.29677001819673,-0.00389095730052705,0.298019902435718
8.69,0.297052190598191,-0.00222663403376105,0.298328046163853
8.7,0.297333606163666,-0.00056293705244171,0.29863639703469
8.71,0.297614258721513,0.00110012958917777,0.298944955126436
8.72,0.297894140785568,0.00276256270519504,0.299253720515239
8.73,0.298173243573283,0.00442435994285867,0.299562693278444
8.74,0.298451557149849,0.00608551970570926,0.299871873494449
8.75,0.298729070817248,0.00774604098435258,0.300181261237879
8.76,0.299005772979505,0.00940592343003137,0.30049085657942
8.77,0.299281651605099,0.0110651670665559,0.300800659589893
8.78,0.299556694265084,0.0127237722682999,0.30111067034039
8.79,0.299830888476779,0.0143817395708717,0.301420888902064
8.8,0.300104221153044,0.0160390700802644,0.301731315336789
8.81,0.300376678901362,0.0176957652531091,0.30204194970217
8.82,0.300648248625629,0.0193518265130749,0.302352792056005
8.83,0.300918917526154,0.0210072552508654,0.302663842456283
8.84,0.301188673099659,0.0226620528242212,0.302975100961183
8.85,0.301457502806281,0.02431622078541,0.303286567625845
8.86,0.301725393757916,0.025969761140095,0.303598242494981
8.87,0.301992333377398,0.0276226758685439,0.303910125611966
8.88,0.302258309222191,0.0292749670120838,0.304222217020349
8.89,0.302523308982364,0.03092663667438,0.30453451676385
8.9,0.302787320331646,0.0325776870950709,0.304847024886727
8.91,0.303050330847124,0.0342281207989374,0.305159741425159
8.92,0.303312328323962,0.035877940415975,0.305472666408153
8.93,0.303573300449873,0.0375271487464146,0.305785799865956
8.94,0.303833234795081,0.0391757487641986,0.306099141830205
8.95,0.304092118812321,0.0408237436169802,0.306412692333922
8.96,0.30434993986239,0.0424711366352513,0.306726451409751
8.97,0.304606685381983,0.044117931377186,0.30704041907957
8.98,0.304862342738443,0.045764131554377,0.307354595366263
8.99,0.305116899252666,0.047409741038356,0.307668980291958
9,0.30537034222788,0.0490547638581153,0.307983574456868
9.01,0.305622659904763,0.0506992033357909,0.308298503718615
9.02,0.305873848164702,0.0523430539504295,0.308613863708632
9.03,0.306123916088311,0.0539862947143876,0.308929654284587
9.04,0.306372885450223,0.0556288899673411,0.309245875369688
9.05,0.306620789144679,0.0572707912307291,0.309562526855756
9.06,0.306867669332624,0.0589119393895493,0.309879608613734
9.07,0.307113575649524,0.060552266813503,0.310197120498094
9.08,0.307358561813443,0.0621917013243628,0.31051506237299
9.09,0.307602684061064,0.0638301680413606,0.310833434113588
9.1,0.307846000584342,0.0654675900634392,0.311152235603056
9.11,0.30808856677967,0.0671038940124279,0.311471466754086
9.12,0.308330434706247,0.0687390106740632,0.311791127506492
9.13,0.308571653661457,0.0703728743489132,0.312111217814458
9.14,0.308812267125252,0.0720054264056806,0.31243173765594
9.15,0.309052312812131,0.0736366152254016,0.312752687027503
9.16,0.309291823180491,0.0752663956145054,0.313074065937567
9.17,0.309530824420747,0.0768947299675905,0.313395874406889
9.18,0.309769337368303,0.0785215872102378,0.313718112463834
9.19,0.310007377996804,0.0801469422222171,0.314040780140616
9.2,0.310244957841789,0.0817707753145502,0.314363877474759
9.21,0.310482084872675,0.0833930712276257,0.31468740450535
9.22,0.310718763804558,0.0850138187844801,0.315011361268879
9.23,0.310954997741687,0.0866330089155704,0.315335747804191
9.24,0.311190788570343,0.0882506341984688,0.315660564152522
9.25,0.311426137130321,0.0898666887136811,0.31598581035036
9.26,0.311661043656842,0.0914811675050016,0.31631148643082
9.27,0.311895509483992,0.0930940645427453,0.31663759242923
9.28,0.312129536919803,0.0947053728811758,0.316964128382025
9.29,0.312363128384961,0.0963150857226777,0.31729109431945
9.3,0.312596287490382,0.0979231951104548,0.317618490270835
9.31,0.312829019301029,0.0995296916039688,0.317946316267877
9.32,0.313061329713767,0.101134565037898,0.318274572340081
9.33,0.313293225432909,0.102737804557747,0.318603258513008
9.34,0.313524714015767,0.104339398523884,0.318932374815116
9.35,0.313755803573371,0.105939334862454,0.31926192127756
9.36,0.313986502527257,0.107537601412927,0.31959189792502
9.37,0.314216819450658,0.109134186069008,0.319922304781129
9.38,0.31444676262784,0.110729077250952,0.3202531418739
9.39,0.314676339927186,0.112322264053144,0.320584409235448
9.4,0.314905558804937,0.113913736324565,0.320916106891218
9.41,0.315134426543827,0.115503484389182,0.321248234859887
9.42,0.315362949358158,0.117091499982348,0.321580793164001
9.43,0.315591132341091,0.118677776308058,0.321913781830356
9.44,0.315818979610985,0.120262307886999,0.322247200888038
9.45,0.316046494993543,0.121845089879061,0.322581050354911
9.46,0.316273681437076,0.123426118670268,0.322915330246129
9.47,0.316500541017817,0.125005391815495,0.323250040579905
9.48,0.316727074996586,0.126582907972759,0.323585181377471
9.49,0.316953284206701,0.128158666504629,0.323920752656534
9.5,0.31717916888687,0.129732667730153,0.324256754424183
9.51,0.317404728891829,0.131304912553127,0.32459318668971
9.52,0.317629963770191,0.132875402355796,0.324930049466182
9.53,0.317854872826309,0.134444138923403,0.325267342770634
9.54,0.318079455285877,0.136011124353394,0.325605066613287
9.55,0.318303709934759,0.13757636154224,0.325943220990787
9.56,0.318527635623812,0.139139853407645,0.326281805903514
9.57,0.31875123133419,0.140701602797611,0.326620821356913
9.58,0.318974496177348,0.142261612490431,0.32696026736149
9.59,0.319197429272711,0.143819885396441,0.327300143927546
9.6,0.319420029516053,0.145376424988441,0.32764045104889
9.61,0.319642295918012,0.146931234712113,0.327981188719928
9.62,0.319864227565175,0.148484318003297,0.328322356939335
9.63,0.320085823617082,0.150035678292356,0.328663955709991
9.64,0.320307083182303,0.151585319178616,0.329005985035509
9.65,0.320528005319678,0.153133244566419,0.329348444905513
9.66,0.320748589090444,0.154679458464741,0.329691335308903
9.67,0.320968833482011,0.156223965018688,0.330034656239276
9.68,0.321188737407962,0.157766768509508,0.330378407694934
9.69,0.321408299668498,0.159307873391127,0.330722589679054
9.7,0.321627518996951,0.160847284439391,0.331067202180737
9.71,0.321846394141796,0.162385006631007,0.331412245177669
9.72,0.322064923717948,0.163921045104956,0.331757718653195
9.73,0.322283106202686,0.165455405163297,0.332103622596621
9.74,0.322500939935662,0.166988092271161,0.332449957003206
9.75,0.322718423136846,0.168519112063855,0.332796722562057
9.76,0.322935554817508,0.170048469279293,0.333144172965443
9.77,0.323152340272968,0.171576153042761,0.333492513638786
9.78,0.323368795891763,0.173102124652538,0.333841744416728
9.79,0.32358494871908,0.174626319266181,0.334191865232533
9.8,0.323800835280164,0.176148648796988,0.334542876010129
9.81,0.324016499975014,0.177669005878019,0.334894776666797
9.82,0.324231992880793,0.179187269262412,0.335247567141633
9.83,0.324447368148328,0.180703307773695,0.335601247402286
9.84,0.324662682290737,0.182216984522026,0.335955817448579
9.85,0.324877991537879,0.18372816339635,0.336311277329403
9.86,0.325093351478012,0.185236709961622,0.336667627129461
9.87,0.325308814728397,0.186742497171774,0.337024866971093
9.88,0.325524430174308,0.188245407241506,0.337382997006753
9.89,0.325740242624328,0.189745332498023,0.337742017406499
9.9,0.325956291563544,0.191242178428774,0.338101928351885
9.91,0.326172611707765,0.192735862332285,0.33846273002564
9.92,0.326389232541805,0.194226314434413,0.338824422605481
9.93,0.326606178734024,0.195713476873744,0.33918700625959
9.94,0.326823470641713,0.197197302462443,0.339550481141536
9.95,0.327041124761629,0.198677753553068,0.339914847394383
9.96,0.327259154265945,0.200154800748871,0.340280105144955
9.97,0.327477569641527,0.201628421328069,0.340646254504674
9.98,0.32769637974423,0.203098596613077,0.341013295582621
9.99,0.327915592129094,0.204565311185503,0.341381228482214
10,0.328135213067434,0.206028552878882,0.341750053291115
10.01,0.32835524893663,0.207488309308814,0.342119770101395
10.02,0.328575706561811,0.208944567032396,0.342490379012597
10.03,0.328796592715317,0.210397312827273,0.342861880116854
10.04,0.329017914845461,0.211846531870679,0.343234273509648
10.05,0.329239681396815,0.213292206938283,0.343607559297423
10.06,0.329461901368102,0.214734319523714,0.343981737585048
10.07,0.329684584493072,0.216172849377584,0.344356808481523
10.08,0.32990774125734,0.217607774446501,0.344732772107131
10.09,0.330131382543589,0.219039071781482,0.345109628580287
10.1,0.330355519551499,0.220466717723852,0.345487378019289
10.11,0.33058016358603,0.221890688387284,0.345866020552044
10.12,0.330805325725925,0.223310960468825,0.346245556312553
10.13,0.331031017181928,0.224727510500248,0.346625985415444
10.14,0.331257248652841,0.226140316308922,0.347007307975177
10.15,0.331484030047317,0.227549357655772,0.347389524112774
10.16,0.331711370483941,0.228954616236381,0.347772633955583
10.17,0.33193927839459,0.230356075529608,0.348156637617969
10.18,0.332167761611846,0.231753720609565,0.348541535193211
10.19,0.332396827010488,0.233147538900107,0.348927326775559
10.2,0.332626480448592,0.234537520319754,0.349314012460302
10.21,0.332856726981465,0.235923656790382,0.34970159233819
10.22,0.333087571027985,0.237305941902202,0.350090066478588
10.23,0.33331901623618,0.238684371150294,0.350479434947305
10.24,0.333551065579097,0.240058941676868,0.350869697812551
10.25,0.333783721485662,0.241429651966978,0.351260855142233
10.26,0.334016985856037,0.242796501912129,0.351652906981375
10.27,0.334250860147379,0.244159492512545,0.352045853369636
10.28,0.334485345572078,0.245518625340433,0.352439694353194
10.29,0.334720443106346,0.246873902522365,0.352834429984254
10.3,0.334956153472119,0.248225326880337,0.353230060301894
10.31,0.335192477082611,0.249572902072795,0.353626585327153
10.32,0.335429414310693,0.250916631825779,0.354024005087752
10.33,0.335666965522472,0.252256519844496,0.354422319619841
10.34,0.335905131002667,0.253592570030552,0.35482152896111
10.35,0.336143910803031,0.254924786957622,0.355221633126944
10.36,0.336383304933207,0.256253175294322,0.355622632132459
10.37,0.336623313367109,0.257577739757739,0.356024526000323
10.38,0.336863936016694,0.258898485184038,0.356427314759308
10.39,0.337105172614767,0.260215416915058,0.35683099842202
10.4,0.337347022786568,0.261528540592318,0.35723557699003
10.41,0.337589486034795,0.262837862105574,0.357641050472108
10.42,0.337832561735531,0.264143387600393,0.358047418884712
10.43,0.33807624909506,0.265445123612631,0.358454682245752
10.44,0.338320547150944,0.266743077222525,0.358862840544046
10.45,0.338565454789384,0.268037255864493,0.359271893766193
10.46,0.338810970723709,0.269327667318306,0.359681841907648
10.47,0.339057093494368,0.270614319709088,0.360092684972721
10.48,0.339303821476712,0.271897221552416,0.360504422963183
10.49,0.339551152904645,0.273176381814611,0.36091705585674
10.5,0.339799085864169,0.274451809751622,0.361330583654395
10.51,0.340047618723706,0.275723514232261,0.361745488017801
10.52,0.340296758086465,0.276991474724807,0.362162237883315
10.53,0.340546526109355,0.278255614594155,0.362580833192657
10.54,0.340796959990542,0.279515803696938,0.363001273867554
10.55,0.341048109951549,0.28077186555736,0.363423559825888
10.56,0.341300036810131,0.282023585991234,0.363847691049248
10.57,0.341552810347166,0.283270718917447,0.364273667582679
10.58,0.34180650524496,0.284513000778689,0.364701489623115
10.59,0.342061199111111,0.285750157563557,0.365131157523455
10.6,0.342316970724567,0.286981911046218,0.36556267176876
10.61,0.342573896243889,0.288207992240591,0.36599603300041
10.62,0.342832048760281,0.289428142997656,0.366431241974013
10.63,0.343091496052238,0.290642123975082,0.366868299525438
10.64,0.343352299777375,0.291849717509097,0.367307206537388
10.65,0.343614514730515,0.293050730248727,0.367747963897122
10.66,0.343878188501365,0.29424499437195,0.368190572466675
10.67,0.344143361666685,0.295432366905166,0.368635033056245
10.68,0.344410067928868,0.296612729229254,0.369081346407611
10.69,0.344678334862827,0.297785984435079,0.369529513185149
10.7,0.34494818464997,0.298952054708892,0.369979533980682
10.71,0.345219634682123,0.30011087920365,0.370431409308481
10.72,0.345492698686795,0.30126241004137,0.370885139620059
10.73,0.345767387909394,0.302406608103699,0.371340725332598
10.74,0.346043711405297,0.303543442021068,0.371798166818752
10.75,0.346321676902536,0.304672885108135,0.372257464421455
10.76,0.346601292204162,0.305794910372731,0.372718618494879
10.77,0.346882564891138,0.306909491591561,0.373181629383951
10.78,0.347165502984853,0.308016600958291,0.373646497438981
10.79,0.347450115580739,0.30911620682898,0.374113223039016
10.8,0.347736412497958,0.310208274981731,0.374581806570462
10.81,0.348024404700067,0.311292767115856,0.375052248449102
10.82,0.34831410413463,0.312369641426921,0.375524549115237
10.83,0.348605523490927,0.313438853477416,0.375998709019303
10.84,0.348898676149916,0.314500356360241,0.376474728641132
10.85,0.349193575872432,0.31555410181978,0.376952608471102
10.86,0.349490236598197,0.316600040975217,0.377432348997153
10.87,0.349788672042558,0.317638125727036,0.37791395072153
10.88,0.350088895510274,0.318668309428954,0.378397414147966
10.89,0.350390919850385,0.319690547076814,0.378882739755184
10.9,0.350694756979404,0.320704796968205,0.379369928012648
10.91,0.351000417687046,0.321711021386979,0.37985897938079
10.92,0.351307911814627,0.322709186004893,0.380349894286598
10.93,0.351617248066322,0.323699260539828,0.380842673125101
10.94,0.35192843376741,0.32468121958906,0.381337316272958
10.95,0.352241475043452,0.325655042011354,0.381833824079547
10.96,0.352556376929263,0.326620710566093,0.382332196846748
10.97,0.352873143308556,0.327578212089791,0.382832434855163
10.98,0.353191777008747,0.328527537152136,0.383334538372227
10.99,0.353512279957573,0.329468679544058,0.383838507625296
11,0.353834653160956,0.330401636365123,0.384344342794109
11.01,0.354158897029429,0.331326406805123,0.384852044057084
11.02,0.354485011403201,0.332242992052646,0.385361611593558
11.03,0.354812995659391,0.333151394959594,0.385873045562248
11.04,0.355142848575878,0.334051620567285,0.386386346066715
11.05,0.355474568684652,0.334943674777284,0.38690151321116
11.06,0.355808154418052,0.335827563824185,0.387418547111439
11.07,0.356143604028734,0.33670329458151,0.387937447880752
11.08,0.356480915408403,0.337570875261544,0.388458215586944
11.09,0.356820086372576,0.33843031434419,0.388980850297162
11.1,0.357161114705838,0.339281620407343,0.389505352089162
11.11,0.357503998046741,0.340124802560407,0.390031721031385
11.12,0.357848733833611,0.340959870664722,0.390559957158628
11.13,0.358195319410062,0.341786834911186,0.391090060509536
11.14,0.35854375201781,0.342605705839122,0.391622031131975
11.15,0.358894028688505,0.343416494758033,0.392155869054881
11.16,0.359246146247387,0.344219213754684,0.392691574272289
11.17,0.359600101337758,0.34501387554731,0.393229146783537
11.18,0.359955890414065,0.345800493504573,0.39376858659702
11.19,0.360313509698064,0.346579081830626,0.394309893711241
11.2,0.360672955148835,0.347349655738735,0.394853068071528
11.21,0.361034222513017,0.348112231186434,0.395398109622393
11.22,0.361397307327518,0.348866824846531,0.395945018319317
11.23,0.361762204917302,0.349613454123565,0.396493794124049
11.24,0.362128910377477,0.350352137303692,0.397044436955505
11.25,0.362497418614518,0.351082893345055,0.397596946725569
11.26,0.36286772375142,0.351805753263883,0.398152338684968
11.27,0.363239834838344,0.35252078788292,0.398711646446412
11.28,0.363613791161971,0.353228133840822,0.399274868319762
11.29,0.363989659486947,0.353927999619995,0.399842001727178
11.3,0.36436753098511,0.35462065750123,0.400413043347117
11.31,0.364747516624272,0.355306431499622,0.400987989348921
11.32,0.365129742945555,0.355985686345738,0.40156683559433
11.33,0.365514346820042,0.356658813821467,0.402149577860318
11.34,0.365901470322689,0.3573262193746,0.402736212053004
11.35,0.366291257144847,0.35798831281928,0.403326734292785
11.36,0.366683846908472,0.358645493470074,0.403921141093594
11.37,0.367079373447788,0.359298145720027,0.404519429343673
11.38,0.36747796060849,0.359946628052663,0.405121596375285
11.39,0.367879721362343,0.360591270761273,0.405727639918292
11.4,0.368284755660932,0.36123237031584,0.40633755808904
11.41,0.368693150628311,0.361870189878356,0.406951349328718
11.42,0.369104980041293,0.362504957887653,0.407569012366521
11.43,0.36952030539187,0.363136870844253,0.408190546160839
11.44,0.369939176712348,0.363766095362062,0.408815949862797
11.45,0.370361633858287,0.364392771552661,0.409445222770612
11.46,0.370787708398843,0.365017017832139,0.410078364298435
11.47,0.371217425120443,0.36563893480686,0.410715373953273
11.48,0.371650803278533,0.366258608570669,0.411356251300024
11.49,0.372087859222438,0.366876117353337,0.412000995956681
11.5,0.372528606758289,0.367491532551094,0.412649607569126
11.51,0.372973058836647,0.368104923035298,0.413302085799322
11.52,0.373421229072825,0.368716359007328,0.41395843032816
11.53,0.37387313146351,0.369325911357505,0.41461864083051
11.54,0.374328781899267,0.369933655440733,0.415282716990699
11.55,0.374788197950542,0.370539670566142,0.415950658491206
11.56,0.375251398984356,0.371144040268115,0.416622465012461
11.57,0.375718406369527,0.37174685274198,0.417298136254695
11.58,0.376189242838827,0.372348199305938,0.417977671909198
11.59,0.376663932350995,0.37294817388366,0.418661071694133
11.6,0.37714249957505,0.373546871642976,0.419348335362947
11.61,0.377624969611531,0.37414438850541,0.420039462651197
11.62,0.378111367146605,0.374740818647793,0.420734453340124
11.63,0.378601716086648,0.375336253479709,0.421433307273677
11.64,0.379096039289475,0.375930781257616,0.422136024296172
11.65,0.379594358325893,0.376524486381222,0.422842604259889
11.66,0.380096692588317,0.377117446814334,0.423553047079551
11.67,0.380603059391719,0.377709734465844,0.424267352709034
11.68,0.381113474185375,0.378301415956202,0.424985521088211
11.69,0.38162795001386,0.378892550935782,0.425707552197492
11.7,0.382146497596852,0.379483192313687,0.426433446054882
11.71,0.382669125596599,0.380073387147774,0.427163202665698
11.72,0.383195840594983,0.380663176390054,0.427896822060947
11.73,0.383726647261441,0.381252595266783,0.42863430431024
11.74,0.384261548525457,0.381841673990657,0.429375649462515
11.75,0.384800545786094,0.382430438165181,0.430120857569141
11.76,0.385343639270095,0.383018909515963,0.430869928724017
11.77,0.385890828300845,0.383607106615973,0.431622863054763
11.78,0.386442110708295,0.384195044006739,0.432379660610569
11.79,0.386997483665453,0.384782733813746,0.433140321451102
11.8,0.387556944133421,0.385370186645213,0.433904845686992
11.81,0.388120488852879,0.385957411583063,0.434673233478242
11.82,0.388688113916766,0.386544415662611,0.435445484949939
11.83,0.389259814795613,0.387131203972432,0.436221600170018
11.84,0.389835586940141,0.387717780662208,0.437001579245658
11.85,0.390415425792628,0.38830414899444,0.437785422325521
11.86,0.390999326481242,0.388890310805393,0.438573129556816
11.87,0.391587283688781,0.3894762664524,0.439364701025242
11.88,0.392179291953692,0.390062015121521,0.44016013684336
11.89,0.392775345669235,0.390647554755845,0.440959437165645
11.9,0.393375438918631,0.391232881752829,0.44176260216824
11.91,0.393979565266396,0.391817991038069,0.442569631940716
11.92,0.394587717955535,0.392402876037885,0.443380526576616
11.93,0.395199889899351,0.392987528417433,0.444195286215854
11.94,0.395816073677851,0.393571938079435,0.445013911043863
11.95,0.396436261379844,0.394156093254223,0.445836401218943
11.96,0.397060444581087,0.394739980703312,0.446662756817292
11.97,0.397688614503085,0.395323585468387,0.447492977946486
11.98,0.398320762012612,0.395906890819876,0.448327064757902
11.99,0.3989568776073,0.396489878343694,0.449165017426794
12,0.399596951370536,0.39707252840073,0.450006836054845
12.01,0.400240974009225,0.397654823497248,0.450852215654993
12.02,0.400888932318537,0.398236788877413,0.451700854377804
12.03,0.401540804888178,0.398818530857232,0.452552751511624
12.04,0.402196563566511,0.399400234390652,0.453407905778444
12.05,0.402856174241439,0.399982153935101,0.454266315455086
12.06,0.403519597984676,0.400564600185481,0.455127978573977
12.07,0.40418679199478,0.401147928808015,0.45599289305362
12.08,0.404857711066348,0.401732523189971,0.456861056913041
12.09,0.405532308551942,0.402318782935173,0.457732468372794
12.1,0.406210537532719,0.402907109929855,0.458607125947997
12.11,0.406892351939684,0.403497895098897,0.459485028524716
12.12,0.407577707139281,0.404091511307373,0.460366175334448
12.13,0.408266560832418,0.404688302782076,0.461250565959989
12.14,0.408958873369361,0.405288581326255,0.462138200276413
12.15,0.409654608176052,0.405892621346599,0.463029078405475
12.16,0.410353731797868,0.40650065937521,0.4639232006513
12.17,0.411056213965261,0.407112893429412,0.464820567451381
12.18,0.411762027379856,0.407729485638649,0.465721179326734
12.19,0.41247114753317,0.408350564657232,0.466625036850493
12.2,0.413183552359886,0.408976229750547,0.467532140615761
12.21,0.413899221837651,0.409606556107937,0.468442491229071
12.22,0.414618137696087,0.41024159807961,0.469356089288805
12.23,0.415340282924157,0.410881395525643,0.470272935387456
12.24,0.416065641385985,0.411525978687291,0.471193030118372
12.25,0.416794197674567,0.412175369652579,0.472116374053036
12.26,0.417525936556262,0.412829589763561,0.473042967770282
12.27,0.418260842913848,0.41348866011514,0.473972811843479
12.28,0.418998901559876,0.41415260395224,0.474905906839776
12.29,0.419740097020799,0.414821449664963,0.475842253339086
12.3,0.420484413602113,0.415495229764392,0.476781851913043
12.31,0.421231835273089,0.416173982811235,0.47772470315137
12.32,0.421982345752317,0.416857752169786,0.478670807645482
12.33,0.422735928570543,0.417546585465777,0.479620165992975
12.34,0.423492567163932,0.418240533852527,0.48057277881678
12.35,0.424252244938606,0.41893965063646,0.481528646727555
12.36,0.425014945464518,0.419643989625514,0.482487770350624
12.37,0.425780652608066,0.420353603777309,0.483450150335723
12.38,0.426549350524898,0.421068544463604,0.484415787310719
12.39,0.427321023869006,0.421788859648743,0.485384681904747
12.4,0.428095657955046,0.422514592280213,0.486356834761465
12.41,0.428873238646088,0.42324578084668,0.487332246496717
12.42,0.429653752500893,0.423982458054236,0.488310917709104
12.43,0.430437186912776,0.42472464964161,0.489292849000295
12.44,0.431223529961471,0.42547237544735,0.490278040939035
12.45,0.432012770460954,0.42622564905693,0.491266494062835
12.46,0.432804898032935,0.426984477502791,0.492258208906449
12.47,0.433599902980008,0.427748862164437,0.493253185971001
12.48,0.434397776253317,0.42851879907476,0.494251425713771
12.49,0.435198509475056,0.429294279514314,0.495252928591594
12.5,0.43600209487331,0.430075290966143,0.496257695066535
12.51,0.436808525152103,0.430861816293383,0.497265725507051
12.52,0.437617793495191,0.431653835463408,0.498277020258293
12.53,0.438429893561518,0.43245132672297,0.499291579686415
12.54,0.439244819481964,0.433254266605456,0.500309404177683
12.55,0.440062565692216,0.434062629900653,0.501330494070395
12.56,0.440883126920803,0.434876389496415,0.502354849629817
12.57,0.441706498240478,0.435695517882093,0.503382471136541
12.58,0.442532675033165,0.4365199874587,0.504413358888619
12.59,0.443361652964986,0.437349769785189,0.505447513156639
12.6,0.444193427953754,0.438184835570234,0.506484934158373
12.61,0.445027996212346,0.439025155423993,0.507525622121686
12.62,0.445865354257554,0.439870699744619,0.508569577286859
12.63,0.446705498855465,0.440721438136924,0.509616799848505
12.64,0.447548427024902,0.441577339628278,0.510667289964544
12.65,0.448394136127003,0.442438372694242,0.511721047808868
12.66,0.449242623881027,0.443304505165041,0.512778073574815
12.67,0.450093888250445,0.444175703866272,0.513838367405543
12.68,0.45094792737019,0.445051934841625,0.514901929370033
12.69,0.451804739768253,0.445933163192244,0.515968759557946
12.7,0.45266432437843,0.446819353053613,0.517038858084444
12.71,0.453526680505161,0.44771046759273,0.518112225075792
12.72,0.454391807575296,0.448606469015857,0.519188860569163
12.73,0.455259705345232,0.449507318651422,0.520268764602191
12.74,0.456130373879368,0.45041297699451,0.521351937206383
12.75,0.457003813520798,0.451323403780634,0.522438378367101
12.76,0.457880027882117,0.452238564424204,0.523526294164632
12.77,0.458758996071761,0.453158396255094,0.524613927602639
12.78,0.459640647008515,0.454082777401327,0.525701277523325
12.79,0.460524865009713,0.455011536133678,0.52678834212469
12.8,0.461411495823068,0.455944457612482,0.527875119103109
12.81,0.462300354046409,0.456881292253592,0.52896160583536
12.82,0.46319122753018,0.457821760609219,0.530047799443407
12.83,0.464083889125178,0.458765566522808,0.531133697040352
12.84,0.464978104324955,0.459712405673986,0.532219295873488
12.85,0.465873634802027,0.460661969453452,0.533304593305297
12.86,0.466770249073893,0.461613956898784,0.534389586976485
12.87,0.467667726521922,0.462568079160626,0.53547427481442
12.88,0.468565860833356,0.463524063336621,0.536558655023796
12.89,0.469464465069129,0.464481658124828,0.537642726091263
12.9,0.470363371868248,0.465440634060316,0.53872648674813
12.91,0.471262435948915,0.46640078631686,0.539809935937768
12.92,0.472161532544349,0.467361932982801,0.540893072783611
12.93,0.473060557465434,0.468323915161688,0.541975896545248
12.94,0.473959424899489,0.469286594542225,0.543058406600873
12.95,0.474858065133858,0.470249850908976,0.544140602410227
12.96,0.475756421905294,0.471213579229013,0.545222483492911
12.97,0.476654451525473,0.472177688685459,0.546304049436449
12.98,0.477552117281731,0.473142096537381,0.547385299851042
12.99,0.478449387832875,0.474106726358153,0.548466234362826
13,0.479346236603545,0.475071507371873,0.549546852632735
13.01,0.480242638394281,0.476036370749113,0.550627154332243
13.02,0.48113856656351,0.477001246522674,0.551707139133266
13.03,0.482033994323971,0.477966065027288,0.552786806721527
13.04,0.482928892380198,0.478930754330401,0.553866156787444
13.05,0.483823228232019,0.479895239491107,0.554945189025062
13.06,0.484716967153362,0.480859443649672,0.556023903139565
13.07,0.485610071336278,0.481823287131943,0.557102298844492
13.08,0.48650250067535,0.482786688327731,0.558180375865818
13.09,0.487394213476822,0.483749564483855,0.559258133946664
13.1,0.488285167044491,0.484711832405161,0.560335572846921
13.11,0.489175318763328,0.485673409663741,0.561412692344993
13.12,0.490064625596208,0.486634214002006,0.562489492243835
13.13,0.490953046275535,0.487594165835688,0.563565972366847
13.14,0.491840542078211,0.488553189133977,0.564642132556586
13.15,0.49272707690898,0.489511211499134,0.565717972674727
13.16,0.493612617161977,0.490468163976708,0.566793492605699
13.17,0.494497132616941,0.491423982105821,0.567868692251161
13.18,0.495380597378844,0.492378606968648,0.568943571523917
13.19,0.496262989197775,0.493331984425076,0.570018130350299
13.2,0.497144289128461,0.494284064731685,0.571092368672574
13.21,0.498024482130166,0.49523480322787,0.572166286439673
13.22,0.498903556761461,0.496184159997226,0.57323988360626
13.23,0.499781504614002,0.497132099229624,0.574313160138982
13.24,0.500658320202596,0.498078589110437,0.575386116010901
13.25,0.501534000587093,0.499023601408769,0.57645875119681
13.26,0.502408544709185,0.499967110742875,0.577531065673632
13.27,0.503281954199593,0.500909095450184,0.578603059433381
13.28,0.504154232247992,0.501849536354367,0.57967473247277
13.29,0.505025382883024,0.502788415977157,0.580746084788317
13.3,0.505895410972297,0.503725718538346,0.581817116376349
13.31,0.506764322253009,0.504661429980642,0.582887827236258
13.32,0.507632123692345,0.505595538343004,0.583958217382128
13.33,0.508498822923131,0.506528033160029,0.585028286830816
13.34,0.509364427766738,0.507458904930177,0.586098035599548
13.35,0.510228946260404,0.508388145144717,0.587167463706134
13.36,0.511092387253746,0.509315746932788,0.588236571174319
13.37,0.511954760209951,0.51024170483924,0.589305358035813
13.38,0.512816074981437,0.511166014574871,0.590373824322243
13.39,0.513676341862254,0.512088673072629,0.591441970064421
13.4,0.514535571857176,0.513009678775532,0.592509795292042
13.41,0.515393776622538,0.51392903156193,0.593577300047768
13.42,0.516250968441005,0.5148467327091,0.594644484376583
13.43,0.51710716036574,0.515762785047526,0.595711348319795
13.44,0.517962366220398,0.516677192960901,0.59677789191504
13.45,0.518816600601833,0.517589962385893,0.597844115197739
13.46,0.519669878888114,0.51850110078534,0.598910018213889
13.47,0.520522217188942,0.519410617100322,0.599975601007985
13.48,0.521373632336685,0.520318521733182,0.601040863623233
13.49,0.522224141855586,0.521224826501324,0.602105806102984
13.5,0.523073763915865,0.522129544576272,0.60317042850052
13.51,0.523922513547001,0.523032685196524,0.604232847031626
13.52,0.524770381784082,0.523934232731274,0.605291181841818
13.53,0.525617316068015,0.524834127089168,0.606345432710491
13.54,0.526463219089275,0.525732261235468,0.607395599174151
13.55,0.527307955061277,0.526628487848315,0.608441680619466
13.56,0.528151356374327,0.527522626375624,0.60948367636699
13.57,0.528993229081376,0.528414468857372,0.610521585743675
13.58,0.52983336488163,0.529303792641174,0.611555408202678
13.59,0.530671545779599,0.530190365326628,0.612585143351678
13.6,0.531507551079585,0.531073952185206,0.613610790998906
13.61,0.532341167931817,0.531954327350783,0.614632351168188
13.62,0.533172191962196,0.532831274481596,0.615649824088337
13.63,0.534000435127648,0.533704595090755,0.616663210155353
13.64,0.534825727215185,0.534574110129434,0.61767250990784
13.65,0.535647918589567,0.535439662891663,0.618677723972847
13.66,0.536466880932514,0.536301119788438,0.619678853031848
13.67,0.537282506771138,0.537158369833141,0.620675897788588
13.68,0.538094709079933,0.538011324204601,0.621668858927474
13.69,0.538903419002333,0.538859913816425,0.622657737125796
13.7,0.539708583715996,0.539704087029334,0.623642533001624
13.71,0.540510164526246,0.540543807620373,0.624623247151833
13.72,0.541308133735715,0.541379051439346,0.62559988014667
13.73,0.542102470886403,0.542209802398037,0.626572432494675
13.74,0.542893161843077,0.543036051492512,0.627540904696915
13.75,0.543680196713249,0.543857794578436,0.628505297255983
13.76,0.544463565112342,0.544675027319311,0.629465610642557
13.77,0.545243256891088,0.545487745955564,0.630421845329432
13.78,0.546019261039734,0.546295946127051,0.631374001808391
13.79,0.546791562988117,0.547099619986116,0.632322080560988
13.8,0.547560145763036,0.547898757422634,0.633266082090354
13.81,0.548324989224628,0.548693345236457,0.634206006913528
13.82,0.549086069831058,0.549483366874233,0.635141855543888
13.83,0.549843361819082,0.55026880367935,0.636073628529959
13.84,0.550596837311676,0.551049634986712,0.637001326420824
13.85,0.551346467102953,0.551825838946428,0.637924949751123
13.86,0.552092221232155,0.552597393132633,0.638844499102082
13.87,0.552834070106988,0.553364275714461,0.639759975049354
13.88,0.553571985403974,0.554126466401409,0.640671378126798
13.89,0.554305940575441,0.55488394697762,0.641578708863661
13.9,0.555035910404271,0.555636700824763,0.642481967841545
13.91,0.555761873011671,0.556384715028217,0.643381155593469
13.92,0.556483810313189,0.557127980856578,0.64427627258797
13.93,0.557201707182758,0.557866492869607,0.645167319289416
13.94,0.557915551446037,0.55860024890163,0.646054296185088
13.95,0.558625334740367,0.5593292509556,0.646937203702622
13.96,0.559331052228413,0.560053504893443,0.647816042215159
13.97,0.560032701946044,0.560773019740315,0.64869081211367
13.98,0.560730284855202,0.561487807724439,0.649561513766066
13.99,0.561423804520347,0.562197883920964,0.65042814747682
14,0.562113266434753,0.562903265529208,0.651290713495254
14.01,0.562798678722003,0.563603972625039,0.652149212147937
14.02,0.563480051005304,0.564300026931905,0.65300364373908
14.03,0.564157393728062,0.564991451088157,0.653854008505013
14.04,0.56483071815389,0.565678268647053,0.654700306614184
14.05,0.565500036329653,0.566360504031969,0.655542538228247
14.06,0.566165361441805,0.56703818290824,0.656380703595625
14.07,0.566826706980273,0.567711331279209,0.657214802923007
14.08,0.567484086294646,0.568379975005972,0.658044836363553
14.09,0.56813751274907,0.569044139970432,0.658870804029263
14.1,0.56878700044256,0.569703852835166,0.659692706083257
14.11,0.569432563585779,0.570359140371079,0.660510542687852
14.12,0.570074216364177,0.571010029301153,0.661324313955095
14.13,0.570711973060198,0.571656546428048,0.662134019952574
14.14,0.571345848468578,0.572298719071704,0.662939660793715
14.15,0.571975857662312,0.572936574811687,0.663741236605292
14.16,0.572602016009055,0.573570141493968,0.664538747458323
14.17,0.573224339189621,0.574199447249763,0.665332193364688
14.18,0.573842843439877,0.574824520746236,0.666121574326905
14.19,0.574457545496922,0.575445391128035,0.666906890459365
14.2,0.575068462547729,0.576062087948284,0.667688141835104
14.21,0.575675612256101,0.576674641194408,0.668465328459168
14.22,0.57627901276266,0.577283081288132,0.669238450268608
14.23,0.576878682697323,0.577887439094596,0.670007507202218
14.24,0.577474641147899,0.578487745876203,0.670772499287084
14.25,0.578066907575204,0.579084033203555,0.671533426487908
